 x1.net9         v(b0)           v(b1)           v(b2)           v(b3)           v(b4)           v(b5)           v(b6)           i(V_i_in)       i(vmeas_i_out_ladder) i(vmeas_dump)   i(vmeas_i_out) 
 6.33166051e-01  0.00000000e+00  0.00000000e+00  0.00000000e+00  0.00000000e+00  0.00000000e+00  0.00000000e+00  0.00000000e+00  4.26344341e-06  3.92130772e-12  4.25744705e-06  6.95504148e-07 
 5.99795699e-01  1.80000000e+00  0.00000000e+00  0.00000000e+00  0.00000000e+00  0.00000000e+00  0.00000000e+00  0.00000000e+00  4.26429606e-06  1.87636244e-06  2.40875936e-06  2.46690497e-06 
 5.99701547e-01  0.00000000e+00  1.80000000e+00  0.00000000e+00  0.00000000e+00  0.00000000e+00  0.00000000e+00  0.00000000e+00  4.26430102e-06  1.88051731e-06  2.40461714e-06  2.47081256e-06 
 5.97810170e-01  1.80000000e+00  1.80000000e+00  0.00000000e+00  0.00000000e+00  0.00000000e+00  0.00000000e+00  0.00000000e+00  4.26434853e-06  1.96271507e-06  2.32259200e-06  2.54810429e-06 
 5.99514487e-01  0.00000000e+00  0.00000000e+00  1.80000000e+00  0.00000000e+00  0.00000000e+00  0.00000000e+00  0.00000000e+00  4.26431059e-06  1.88875441e-06  2.39640416e-06  2.47855920e-06 
 5.97136970e-01  1.80000000e+00  0.00000000e+00  1.80000000e+00  0.00000000e+00  0.00000000e+00  0.00000000e+00  0.00000000e+00  4.26436750e-06  1.99142055e-06  2.29393813e-06  2.57509026e-06 
 5.97607998e-01  0.00000000e+00  1.80000000e+00  1.80000000e+00  0.00000000e+00  0.00000000e+00  0.00000000e+00  0.00000000e+00  4.26435840e-06  1.97137019e-06  2.31395713e-06  2.55624131e-06 
 5.97018930e-01  1.80000000e+00  1.80000000e+00  1.80000000e+00  0.00000000e+00  0.00000000e+00  0.00000000e+00  0.00000000e+00  4.26437309e-06  1.99642640e-06  2.28894297e-06  2.57979593e-06 
 5.99144590e-01  0.00000000e+00  0.00000000e+00  0.00000000e+00  1.80000000e+00  0.00000000e+00  0.00000000e+00  0.00000000e+00  4.26432862e-06  1.90497533e-06  2.38022879e-06  2.49381353e-06 
 5.96694163e-01  1.80000000e+00  0.00000000e+00  0.00000000e+00  1.80000000e+00  0.00000000e+00  0.00000000e+00  0.00000000e+00  4.26438286e-06  2.01014781e-06  2.27524438e-06  2.59269400e-06 
 5.96842671e-01  0.00000000e+00  1.80000000e+00  0.00000000e+00  1.80000000e+00  0.00000000e+00  0.00000000e+00  0.00000000e+00  4.26438106e-06  2.00388430e-06  2.28150028e-06  2.58680642e-06 
 5.96247394e-01  1.80000000e+00  1.80000000e+00  0.00000000e+00  1.80000000e+00  0.00000000e+00  0.00000000e+00  0.00000000e+00  4.26439458e-06  2.02891335e-06  2.25650652e-06  2.61033235e-06 
 5.97207539e-01  0.00000000e+00  0.00000000e+00  1.80000000e+00  1.80000000e+00  0.00000000e+00  0.00000000e+00  0.00000000e+00  4.26437650e-06  1.98843594e-06  2.29692856e-06  2.57228459e-06 
 5.96148235e-01  1.80000000e+00  0.00000000e+00  1.80000000e+00  1.80000000e+00  0.00000000e+00  0.00000000e+00  0.00000000e+00  4.26439876e-06  2.03306274e-06  2.25236447e-06  2.61423230e-06 
 5.96608665e-01  0.00000000e+00  1.80000000e+00  1.80000000e+00  1.80000000e+00  0.00000000e+00  0.00000000e+00  0.00000000e+00  4.26439100e-06  2.01375468e-06  2.27164898e-06  2.59608433e-06 
 5.96362955e-01  1.80000000e+00  1.80000000e+00  1.80000000e+00  1.80000000e+00  0.00000000e+00  0.00000000e+00  0.00000000e+00  4.26439688e-06  2.02407694e-06  2.26134143e-06  2.60578658e-06 
 5.98415758e-01  0.00000000e+00  0.00000000e+00  0.00000000e+00  0.00000000e+00  1.80000000e+00  0.00000000e+00  0.00000000e+00  4.26436054e-06  1.93667427e-06  2.34861012e-06  2.52362058e-06 
 5.96170462e-01  1.80000000e+00  0.00000000e+00  0.00000000e+00  0.00000000e+00  1.80000000e+00  0.00000000e+00  0.00000000e+00  4.26440265e-06  2.03213786e-06  2.25329240e-06  2.61336301e-06 
 5.96197752e-01  0.00000000e+00  1.80000000e+00  0.00000000e+00  0.00000000e+00  1.80000000e+00  0.00000000e+00  0.00000000e+00  4.26440323e-06  2.03099792e-06  2.25443213e-06  2.61229161e-06 
 5.95671228e-01  1.80000000e+00  1.80000000e+00  0.00000000e+00  0.00000000e+00  1.80000000e+00  0.00000000e+00  0.00000000e+00  4.26441341e-06  2.05293178e-06  2.23252359e-06  2.63290601e-06 
 5.96258472e-01  0.00000000e+00  0.00000000e+00  1.80000000e+00  0.00000000e+00  1.80000000e+00  0.00000000e+00  0.00000000e+00  4.26440443e-06  2.02845960e-06  2.25696967e-06  2.60990589e-06 
 5.95477714e-01  1.80000000e+00  0.00000000e+00  1.80000000e+00  0.00000000e+00  1.80000000e+00  0.00000000e+00  0.00000000e+00  4.26441834e-06  2.06095069e-06  2.22451437e-06  2.64044210e-06 
 5.95702636e-01  0.00000000e+00  1.80000000e+00  1.80000000e+00  0.00000000e+00  1.80000000e+00  0.00000000e+00  0.00000000e+00  4.26441549e-06  2.05163100e-06  2.23382570e-06  2.63168356e-06 
 5.95487040e-01  1.80000000e+00  1.80000000e+00  1.80000000e+00  0.00000000e+00  1.80000000e+00  0.00000000e+00  0.00000000e+00  4.26441981e-06  2.06056639e-06  2.22489986e-06  2.64008096e-06 
 5.96411537e-01  0.00000000e+00  0.00000000e+00  0.00000000e+00  1.80000000e+00  1.80000000e+00  0.00000000e+00  0.00000000e+00  4.26440655e-06  2.02204973e-06  2.26337648e-06  2.60388116e-06 
 5.95394719e-01  1.80000000e+00  0.00000000e+00  0.00000000e+00  1.80000000e+00  1.80000000e+00  0.00000000e+00  0.00000000e+00  4.26442273e-06  2.06438484e-06  2.22108640e-06  2.64366937e-06 
 5.95503884e-01  0.00000000e+00  1.80000000e+00  0.00000000e+00  1.80000000e+00  1.80000000e+00  0.00000000e+00  0.00000000e+00  4.26442194e-06  2.05987188e-06  2.22559614e-06  2.63942825e-06 
 5.95213224e-01  1.80000000e+00  1.80000000e+00  0.00000000e+00  1.80000000e+00  1.80000000e+00  0.00000000e+00  0.00000000e+00  4.26442682e-06  2.07187441e-06  2.21360477e-06  2.65070761e-06 
 5.95789264e-01  0.00000000e+00  0.00000000e+00  1.80000000e+00  1.80000000e+00  1.80000000e+00  0.00000000e+00  0.00000000e+00  4.26441970e-06  2.04803836e-06  2.23742018e-06  2.62830715e-06 
 5.95209353e-01  1.80000000e+00  0.00000000e+00  1.80000000e+00  1.80000000e+00  1.80000000e+00  0.00000000e+00  0.00000000e+00  4.26442829e-06  2.07203531e-06  2.21344544e-06  2.65085888e-06 
 5.95533324e-01  0.00000000e+00  1.80000000e+00  1.80000000e+00  1.80000000e+00  1.80000000e+00  0.00000000e+00  0.00000000e+00  4.26442478e-06  2.05865650e-06  2.22681363e-06  2.63828608e-06 
 5.95416351e-01  1.80000000e+00  1.80000000e+00  1.80000000e+00  1.80000000e+00  1.80000000e+00  0.00000000e+00  0.00000000e+00  4.26442706e-06  2.06349569e-06  2.22197950e-06  2.64283378e-06 
 5.96952715e-01  0.00000000e+00  0.00000000e+00  0.00000000e+00  0.00000000e+00  0.00000000e+00  1.80000000e+00  0.00000000e+00  4.26440967e-06  1.99926375e-06  2.28614475e-06  2.58246305e-06 
 5.95279468e-01  1.80000000e+00  0.00000000e+00  0.00000000e+00  0.00000000e+00  0.00000000e+00  1.80000000e+00  0.00000000e+00  4.26443019e-06  2.06914792e-06  2.21633318e-06  2.64814549e-06 
 5.95252222e-01  0.00000000e+00  1.80000000e+00  0.00000000e+00  0.00000000e+00  0.00000000e+00  1.80000000e+00  0.00000000e+00  4.26443122e-06  2.07027209e-06  2.21521065e-06  2.64920190e-06 
 5.94874027e-01  1.80000000e+00  1.80000000e+00  0.00000000e+00  0.00000000e+00  0.00000000e+00  1.80000000e+00  0.00000000e+00  4.26443607e-06  2.08581816e-06  2.19967635e-06  2.66381063e-06 
 5.95195033e-01  0.00000000e+00  0.00000000e+00  1.80000000e+00  0.00000000e+00  0.00000000e+00  1.80000000e+00  0.00000000e+00  4.26443323e-06  2.07262986e-06  2.21285603e-06  2.65141757e-06 
 5.94691009e-01  1.80000000e+00  0.00000000e+00  1.80000000e+00  0.00000000e+00  0.00000000e+00  1.80000000e+00  0.00000000e+00  4.26443904e-06  2.09330983e-06  2.19219030e-06  2.67085025e-06 
 5.94786559e-01  0.00000000e+00  1.80000000e+00  1.80000000e+00  0.00000000e+00  0.00000000e+00  1.80000000e+00  0.00000000e+00  4.26443859e-06  2.08940227e-06  2.19609609e-06  2.66717849e-06 
 5.94632491e-01  1.80000000e+00  1.80000000e+00  1.80000000e+00  0.00000000e+00  0.00000000e+00  1.80000000e+00  0.00000000e+00  4.26444052e-06  2.09570144e-06  2.18980102e-06  2.67309747e-06 
 5.95068202e-01  0.00000000e+00  0.00000000e+00  0.00000000e+00  1.80000000e+00  0.00000000e+00  1.80000000e+00  0.00000000e+00  4.26443707e-06  2.07785097e-06  2.20764114e-06  2.65632391e-06 
 5.94519027e-01  1.80000000e+00  0.00000000e+00  0.00000000e+00  1.80000000e+00  0.00000000e+00  1.80000000e+00  0.00000000e+00  4.26444245e-06  2.10033149e-06  2.18517428e-06  2.67744799e-06 
 5.94538622e-01  0.00000000e+00  1.80000000e+00  0.00000000e+00  1.80000000e+00  0.00000000e+00  1.80000000e+00  0.00000000e+00  4.26444270e-06  2.09953309e-06  2.18597277e-06  2.67669781e-06 
 5.94368535e-01  1.80000000e+00  1.80000000e+00  0.00000000e+00  1.80000000e+00  0.00000000e+00  1.80000000e+00  0.00000000e+00  4.26444446e-06  2.10645976e-06  2.17904972e-06  2.68320615e-06 
 5.94586776e-01  0.00000000e+00  0.00000000e+00  1.80000000e+00  1.80000000e+00  0.00000000e+00  1.80000000e+00  0.00000000e+00  4.26444318e-06  2.09756967e-06  2.18793595e-06  2.67485292e-06 
 5.94305079e-01  1.80000000e+00  0.00000000e+00  1.80000000e+00  1.80000000e+00  0.00000000e+00  1.80000000e+00  0.00000000e+00  4.26444563e-06  2.10903981e-06  2.17647138e-06  2.68563033e-06 
 5.94400287e-01  0.00000000e+00  1.80000000e+00  1.80000000e+00  1.80000000e+00  0.00000000e+00  1.80000000e+00  0.00000000e+00  4.26444531e-06  2.10516928e-06  2.18034078e-06  2.68199362e-06 
 5.94317140e-01  1.80000000e+00  1.80000000e+00  1.80000000e+00  1.80000000e+00  0.00000000e+00  1.80000000e+00  0.00000000e+00  4.26444620e-06  2.10855048e-06  2.17696122e-06  2.68517059e-06 
 5.94745959e-01  0.00000000e+00  0.00000000e+00  0.00000000e+00  0.00000000e+00  1.80000000e+00  1.80000000e+00  0.00000000e+00  4.26444399e-06  2.09106856e-06  2.19443580e-06  2.66874419e-06 
 5.94221649e-01  1.80000000e+00  0.00000000e+00  0.00000000e+00  0.00000000e+00  1.80000000e+00  1.80000000e+00  0.00000000e+00  4.26444737e-06  2.11242855e-06  2.17308518e-06  2.68881428e-06 
 5.94201998e-01  0.00000000e+00  1.80000000e+00  0.00000000e+00  0.00000000e+00  1.80000000e+00  1.80000000e+00  0.00000000e+00  4.26444776e-06  2.11322609e-06  2.17228821e-06  2.68956362e-06 
 5.94049886e-01  1.80000000e+00  1.80000000e+00  0.00000000e+00  0.00000000e+00  1.80000000e+00  1.80000000e+00  0.00000000e+00  4.26444882e-06  2.11938930e-06  2.16612712e-06  2.69535434e-06 
 5.94157205e-01  0.00000000e+00  0.00000000e+00  1.80000000e+00  0.00000000e+00  1.80000000e+00  1.80000000e+00  0.00000000e+00  4.26444853e-06  2.11504296e-06  2.17047248e-06  2.69127071e-06 
 5.93952139e-01  1.80000000e+00  0.00000000e+00  1.80000000e+00  0.00000000e+00  1.80000000e+00  1.80000000e+00  0.00000000e+00  4.26444967e-06  2.12334251e-06  2.16217538e-06  2.69906852e-06 
 5.93972044e-01  0.00000000e+00  1.80000000e+00  1.80000000e+00  0.00000000e+00  1.80000000e+00  1.80000000e+00  0.00000000e+00  4.26444978e-06  2.12253824e-06  2.16297962e-06  2.69831287e-06 
 5.93895615e-01  1.80000000e+00  1.80000000e+00  1.80000000e+00  0.00000000e+00  1.80000000e+00  1.80000000e+00  0.00000000e+00  4.26445023e-06  2.12562577e-06  2.15989289e-06  2.70121367e-06 
 5.94036453e-01  0.00000000e+00  0.00000000e+00  0.00000000e+00  1.80000000e+00  1.80000000e+00  1.80000000e+00  0.00000000e+00  4.26444999e-06  2.11993400e-06  2.16558371e-06  2.69586610e-06 
 5.93811379e-01  1.80000000e+00  0.00000000e+00  0.00000000e+00  1.80000000e+00  1.80000000e+00  1.80000000e+00  0.00000000e+00  4.26445076e-06  2.12902470e-06  2.15649492e-06  2.70440696e-06 
 5.93791954e-01  0.00000000e+00  1.80000000e+00  0.00000000e+00  1.80000000e+00  1.80000000e+00  1.80000000e+00  0.00000000e+00  4.26445096e-06  2.12980786e-06  2.15571195e-06  2.70514280e-06 
 5.93709307e-01  1.80000000e+00  1.80000000e+00  0.00000000e+00  1.80000000e+00  1.80000000e+00  1.80000000e+00  0.00000000e+00  4.26445124e-06  2.13313718e-06  2.15238321e-06  2.70827067e-06 
 5.93738528e-01  0.00000000e+00  0.00000000e+00  1.80000000e+00  1.80000000e+00  1.80000000e+00  1.80000000e+00  0.00000000e+00  4.26445129e-06  2.13196066e-06  2.15355970e-06  2.70716535e-06 
 5.93626085e-01  1.80000000e+00  0.00000000e+00  1.80000000e+00  1.80000000e+00  1.80000000e+00  1.80000000e+00  0.00000000e+00  4.26445151e-06  2.13648531e-06  2.14903552e-06  2.71141616e-06 
 5.93600833e-01  0.00000000e+00  1.80000000e+00  1.80000000e+00  1.80000000e+00  1.80000000e+00  1.80000000e+00  0.00000000e+00  4.26445159e-06  2.13750046e-06  2.14802057e-06  2.71236988e-06 
 5.93534514e-01  1.80000000e+00  1.80000000e+00  1.80000000e+00  1.80000000e+00  1.80000000e+00  1.80000000e+00  0.00000000e+00  4.26445167e-06  2.14016436e-06  2.14535682e-06  2.71487252e-06 
 5.93469877e-01  0.00000000e+00  0.00000000e+00  0.00000000e+00  0.00000000e+00  0.00000000e+00  0.00000000e+00  1.80000000e+00  4.26445170e-06  2.14275798e-06  2.14276317e-06  2.71730912e-06 
 5.93405046e-01  1.80000000e+00  0.00000000e+00  0.00000000e+00  0.00000000e+00  0.00000000e+00  0.00000000e+00  1.80000000e+00  4.26445167e-06  2.14535682e-06  2.14016430e-06  2.71975058e-06 
 5.93338522e-01  0.00000000e+00  1.80000000e+00  0.00000000e+00  0.00000000e+00  0.00000000e+00  0.00000000e+00  1.80000000e+00  4.26445159e-06  2.14802075e-06  2.13750019e-06  2.72225315e-06 
 5.93313163e-01  1.80000000e+00  1.80000000e+00  0.00000000e+00  0.00000000e+00  0.00000000e+00  0.00000000e+00  1.80000000e+00  4.26445151e-06  2.14903555e-06  2.13648531e-06  2.72320651e-06 
 5.93199974e-01  0.00000000e+00  0.00000000e+00  1.80000000e+00  0.00000000e+00  0.00000000e+00  0.00000000e+00  1.80000000e+00  4.26445129e-06  2.15356019e-06  2.13196022e-06  2.72745702e-06 
 5.93229433e-01  1.80000000e+00  0.00000000e+00  1.80000000e+00  0.00000000e+00  0.00000000e+00  0.00000000e+00  1.80000000e+00  4.26445124e-06  2.15238323e-06  2.13313718e-06  2.72635137e-06 
 5.93146064e-01  0.00000000e+00  1.80000000e+00  1.80000000e+00  0.00000000e+00  0.00000000e+00  0.00000000e+00  1.80000000e+00  4.26445096e-06  2.15571216e-06  2.12980771e-06  2.72947860e-06 
 5.93126441e-01  1.80000000e+00  1.80000000e+00  1.80000000e+00  0.00000000e+00  0.00000000e+00  0.00000000e+00  1.80000000e+00  4.26445076e-06  2.15649493e-06  2.12902468e-06  2.73021389e-06 
 5.92898191e-01  0.00000000e+00  0.00000000e+00  0.00000000e+00  1.80000000e+00  0.00000000e+00  0.00000000e+00  1.80000000e+00  4.26444999e-06  2.16558441e-06  2.11993324e-06  2.73875238e-06 
 5.93041201e-01  1.80000000e+00  0.00000000e+00  0.00000000e+00  1.80000000e+00  0.00000000e+00  0.00000000e+00  1.80000000e+00  4.26445023e-06  2.15989294e-06  2.12562578e-06  2.73340598e-06 
 5.92963669e-01  0.00000000e+00  1.80000000e+00  0.00000000e+00  1.80000000e+00  0.00000000e+00  0.00000000e+00  1.80000000e+00  4.26444978e-06  2.16297979e-06  2.12253808e-06  2.73630571e-06 
 5.92983876e-01  1.80000000e+00  1.80000000e+00  0.00000000e+00  1.80000000e+00  0.00000000e+00  0.00000000e+00  1.80000000e+00  4.26444967e-06  2.16217537e-06  2.12334248e-06  2.73555005e-06 
 5.92775079e-01  0.00000000e+00  0.00000000e+00  1.80000000e+00  1.80000000e+00  0.00000000e+00  0.00000000e+00  1.80000000e+00  4.26444857e-06  2.17047282e-06  2.11504254e-06  2.74334432e-06 
 5.92884510e-01  1.80000000e+00  0.00000000e+00  1.80000000e+00  1.80000000e+00  0.00000000e+00  0.00000000e+00  1.80000000e+00  4.26444882e-06  2.16612714e-06  2.11938930e-06  2.73926222e-06 
 5.92729292e-01  0.00000000e+00  1.80000000e+00  1.80000000e+00  1.80000000e+00  0.00000000e+00  0.00000000e+00  1.80000000e+00  4.26444779e-06  2.17228838e-06  2.11322595e-06  2.74504975e-06 
 5.92709183e-01  1.80000000e+00  1.80000000e+00  1.80000000e+00  1.80000000e+00  0.00000000e+00  0.00000000e+00  1.80000000e+00  4.26444737e-06  2.17308521e-06  2.11242854e-06  2.74579823e-06 
 5.92168225e-01  0.00000000e+00  0.00000000e+00  0.00000000e+00  0.00000000e+00  1.80000000e+00  0.00000000e+00  1.80000000e+00  4.26444402e-06  2.19443668e-06  2.09106770e-06  2.76585344e-06 
 5.92611300e-01  1.80000000e+00  0.00000000e+00  0.00000000e+00  0.00000000e+00  1.80000000e+00  0.00000000e+00  1.80000000e+00  4.26444620e-06  2.17696121e-06  2.10855044e-06  2.74943906e-06 
 5.92525836e-01  0.00000000e+00  1.80000000e+00  0.00000000e+00  0.00000000e+00  1.80000000e+00  0.00000000e+00  1.80000000e+00  4.26444532e-06  2.18034092e-06  2.10516908e-06  2.75261365e-06 
 5.92623660e-01  1.80000000e+00  1.80000000e+00  0.00000000e+00  0.00000000e+00  1.80000000e+00  0.00000000e+00  1.80000000e+00  4.26444562e-06  2.17647141e-06  2.10903982e-06  2.74897899e-06 
 5.92333347e-01  0.00000000e+00  0.00000000e+00  1.80000000e+00  0.00000000e+00  1.80000000e+00  0.00000000e+00  1.80000000e+00  4.26444318e-06  2.18793636e-06  2.09756933e-06  2.75974791e-06 
 5.92558470e-01  1.80000000e+00  0.00000000e+00  1.80000000e+00  0.00000000e+00  1.80000000e+00  0.00000000e+00  1.80000000e+00  4.26444446e-06  2.17904969e-06  2.10645972e-06  2.75140079e-06 
 5.92383136e-01  0.00000000e+00  1.80000000e+00  1.80000000e+00  0.00000000e+00  1.80000000e+00  0.00000000e+00  1.80000000e+00  4.26444271e-06  2.18597288e-06  2.09953294e-06  2.75790370e-06 
 5.92403373e-01  1.80000000e+00  1.80000000e+00  1.80000000e+00  0.00000000e+00  1.80000000e+00  0.00000000e+00  1.80000000e+00  4.26444245e-06  2.18517430e-06  2.10033149e-06  2.75715361e-06 
 5.91831264e-01  0.00000000e+00  0.00000000e+00  0.00000000e+00  1.80000000e+00  1.80000000e+00  0.00000000e+00  1.80000000e+00  4.26443711e-06  2.20764170e-06  2.07785049e-06  2.77825589e-06 
 5.92285950e-01  1.80000000e+00  0.00000000e+00  0.00000000e+00  1.80000000e+00  1.80000000e+00  0.00000000e+00  1.80000000e+00  4.26444050e-06  2.18980102e-06  2.09570142e-06  2.76149936e-06 
 5.92125858e-01  0.00000000e+00  1.80000000e+00  0.00000000e+00  1.80000000e+00  1.80000000e+00  0.00000000e+00  1.80000000e+00  4.26443859e-06  2.19609629e-06  2.08940214e-06  2.76741221e-06 
 5.92225216e-01  1.80000000e+00  1.80000000e+00  0.00000000e+00  1.80000000e+00  1.80000000e+00  0.00000000e+00  1.80000000e+00  4.26443904e-06  2.19219033e-06  2.09330985e-06  2.76374356e-06 
 5.91697686e-01  0.00000000e+00  0.00000000e+00  1.80000000e+00  1.80000000e+00  1.80000000e+00  0.00000000e+00  1.80000000e+00  4.26443326e-06  2.21285633e-06  2.07262963e-06  2.78315339e-06 
 5.92034598e-01  1.80000000e+00  0.00000000e+00  1.80000000e+00  1.80000000e+00  1.80000000e+00  0.00000000e+00  1.80000000e+00  4.26443607e-06  2.19967631e-06  2.08581811e-06  2.77077471e-06 
 5.91637277e-01  0.00000000e+00  1.80000000e+00  1.80000000e+00  1.80000000e+00  1.80000000e+00  0.00000000e+00  1.80000000e+00  4.26443125e-06  2.21521071e-06  2.07027202e-06  2.78536456e-06 
 5.91608454e-01  1.80000000e+00  1.80000000e+00  1.80000000e+00  1.80000000e+00  1.80000000e+00  0.00000000e+00  1.80000000e+00  4.26443019e-06  2.21633321e-06  2.06914793e-06  2.78641875e-06 
 5.89791213e-01  0.00000000e+00  0.00000000e+00  0.00000000e+00  0.00000000e+00  0.00000000e+00  1.80000000e+00  1.80000000e+00  4.26440970e-06  2.28614279e-06  1.99926589e-06  2.85197164e-06 
 5.91463334e-01  1.80000000e+00  0.00000000e+00  0.00000000e+00  0.00000000e+00  0.00000000e+00  1.80000000e+00  1.80000000e+00  4.26442706e-06  2.22197950e-06  2.06349566e-06  2.79172146e-06 
 5.91338827e-01  0.00000000e+00  1.80000000e+00  0.00000000e+00  0.00000000e+00  0.00000000e+00  1.80000000e+00  1.80000000e+00  4.26442482e-06  2.22681388e-06  2.05865623e-06  2.79626158e-06 
 5.91682463e-01  1.80000000e+00  1.80000000e+00  0.00000000e+00  0.00000000e+00  0.00000000e+00  1.80000000e+00  1.80000000e+00  4.26442829e-06  2.21344545e-06  2.07203529e-06  2.78370668e-06 
 5.91064812e-01  0.00000000e+00  0.00000000e+00  1.80000000e+00  0.00000000e+00  0.00000000e+00  1.80000000e+00  1.80000000e+00  4.26441969e-06  2.23742066e-06  2.04803793e-06  2.80622243e-06 
 5.91678341e-01  1.80000000e+00  0.00000000e+00  1.80000000e+00  0.00000000e+00  0.00000000e+00  1.80000000e+00  1.80000000e+00  4.26442682e-06  2.21360478e-06  2.07187439e-06  2.78385629e-06 
 5.91370122e-01  0.00000000e+00  1.80000000e+00  1.80000000e+00  0.00000000e+00  0.00000000e+00  1.80000000e+00  1.80000000e+00  4.26442197e-06  2.22559625e-06  2.05987176e-06  2.79511810e-06 
 5.91486184e-01  1.80000000e+00  1.80000000e+00  1.80000000e+00  0.00000000e+00  0.00000000e+00  1.80000000e+00  1.80000000e+00  4.26442270e-06  2.22108640e-06  2.06438481e-06  2.79088272e-06 
 5.90389264e-01  0.00000000e+00  0.00000000e+00  0.00000000e+00  1.80000000e+00  0.00000000e+00  1.80000000e+00  1.80000000e+00  4.26440659e-06  2.26337701e-06  2.02204927e-06  2.83059615e-06 
 5.91387998e-01  1.80000000e+00  0.00000000e+00  0.00000000e+00  1.80000000e+00  0.00000000e+00  1.80000000e+00  1.80000000e+00  4.26441972e-06  2.22489983e-06  2.06056634e-06  2.79446404e-06 
 5.91157659e-01  0.00000000e+00  1.80000000e+00  0.00000000e+00  1.80000000e+00  0.00000000e+00  1.80000000e+00  1.80000000e+00  4.26441554e-06  2.23382588e-06  2.05163083e-06  2.80284660e-06 
 5.91397887e-01  1.80000000e+00  1.80000000e+00  0.00000000e+00  1.80000000e+00  0.00000000e+00  1.80000000e+00  1.80000000e+00  4.26441835e-06  2.22451437e-06  2.06095066e-06  2.79410206e-06 
 5.90556541e-01  0.00000000e+00  0.00000000e+00  1.80000000e+00  1.80000000e+00  0.00000000e+00  1.80000000e+00  1.80000000e+00  4.26440442e-06  2.25696981e-06  2.02845946e-06  2.82457983e-06 
 5.91191244e-01  1.80000000e+00  0.00000000e+00  1.80000000e+00  1.80000000e+00  0.00000000e+00  1.80000000e+00  1.80000000e+00  4.26441341e-06  2.23252357e-06  2.05293173e-06  2.80162359e-06 
 5.90622667e-01  0.00000000e+00  1.80000000e+00  1.80000000e+00  1.80000000e+00  0.00000000e+00  1.80000000e+00  1.80000000e+00  4.26440326e-06  2.25443209e-06  2.03099799e-06  2.82219688e-06 
 5.90652338e-01  1.80000000e+00  1.80000000e+00  1.80000000e+00  1.80000000e+00  0.00000000e+00  1.80000000e+00  1.80000000e+00  4.26440265e-06  2.25329244e-06  2.03213786e-06  2.82112676e-06 
 5.88119256e-01  0.00000000e+00  0.00000000e+00  0.00000000e+00  0.00000000e+00  1.80000000e+00  1.80000000e+00  1.80000000e+00  4.26436058e-06  2.34860791e-06  1.93667673e-06  2.91061163e-06 
 5.90442222e-01  1.80000000e+00  0.00000000e+00  0.00000000e+00  0.00000000e+00  1.80000000e+00  1.80000000e+00  1.80000000e+00  4.26439688e-06  2.26134141e-06  2.02407688e-06  2.82868477e-06 
 5.90172163e-01  0.00000000e+00  1.80000000e+00  0.00000000e+00  0.00000000e+00  1.80000000e+00  1.80000000e+00  1.80000000e+00  4.26439094e-06  2.27164928e-06  2.01375435e-06  2.83836345e-06 
 5.90676401e-01  1.80000000e+00  1.80000000e+00  0.00000000e+00  0.00000000e+00  1.80000000e+00  1.80000000e+00  1.80000000e+00  4.26439876e-06  2.25236445e-06  2.03306269e-06  2.82025538e-06 
 5.89504983e-01  0.00000000e+00  0.00000000e+00  1.80000000e+00  0.00000000e+00  1.80000000e+00  1.80000000e+00  1.80000000e+00  4.26437649e-06  2.29692885e-06  1.98843568e-06  2.86209830e-06 
 5.90568369e-01  1.80000000e+00  0.00000000e+00  1.80000000e+00  0.00000000e+00  1.80000000e+00  1.80000000e+00  1.80000000e+00  4.26439458e-06  2.25650654e-06  2.02891333e-06  2.82414483e-06 
 5.89912893e-01  0.00000000e+00  1.80000000e+00  1.80000000e+00  0.00000000e+00  1.80000000e+00  1.80000000e+00  1.80000000e+00  4.26438106e-06  2.28150024e-06  2.00388443e-06  2.84761277e-06 
 5.90077545e-01  1.80000000e+00  1.80000000e+00  1.80000000e+00  0.00000000e+00  1.80000000e+00  1.80000000e+00  1.80000000e+00  4.26438286e-06  2.27524446e-06  2.01014785e-06  2.84173912e-06 
 5.87255599e-01  0.00000000e+00  0.00000000e+00  0.00000000e+00  1.80000000e+00  1.80000000e+00  1.80000000e+00  1.80000000e+00  4.26432862e-06  2.38022625e-06  1.90497800e-06  2.94028793e-06 
 5.89716291e-01  1.80000000e+00  0.00000000e+00  0.00000000e+00  1.80000000e+00  1.80000000e+00  1.80000000e+00  1.80000000e+00  4.26437309e-06  2.28894304e-06  1.99642641e-06  2.85460074e-06 
 5.89051374e-01  0.00000000e+00  1.80000000e+00  0.00000000e+00  1.80000000e+00  1.80000000e+00  1.80000000e+00  1.80000000e+00  4.26435840e-06  2.31395725e-06  1.97137012e-06  2.87808477e-06 
 5.89583995e-01  1.80000000e+00  1.80000000e+00  0.00000000e+00  1.80000000e+00  1.80000000e+00  1.80000000e+00  1.80000000e+00  4.26436750e-06  2.29393816e-06  1.99142052e-06  2.85929050e-06 
 5.86809097e-01  0.00000000e+00  0.00000000e+00  1.80000000e+00  1.80000000e+00  1.80000000e+00  1.80000000e+00  1.80000000e+00  4.26431058e-06  2.39640142e-06  1.88875735e-06  2.95546807e-06 
 5.88820095e-01  1.80000000e+00  0.00000000e+00  1.80000000e+00  1.80000000e+00  1.80000000e+00  1.80000000e+00  1.80000000e+00  4.26434853e-06  2.32259202e-06  1.96271505e-06  2.88619076e-06 
 5.86581147e-01  0.00000000e+00  1.80000000e+00  1.80000000e+00  1.80000000e+00  1.80000000e+00  1.80000000e+00  1.80000000e+00  4.26430101e-06  2.40461439e-06  1.88052010e-06  2.96317538e-06 
 5.86465781e-01  1.80000000e+00  1.80000000e+00  1.80000000e+00  1.80000000e+00  1.80000000e+00  1.80000000e+00  1.80000000e+00  4.26429603e-06  2.40875945e-06  1.87636244e-06  2.96706513e-06 
