 net3            v(b0)           net3            v(b1)           net3            v(b2)           net3            v(b3)           net3            v(b4)           net3            v(b5)           net3            v(b6)           net3            v(net5)         net3            i(v_i_in)       net3            i(vi_out)      
 2.62141634e-01  0.00000000e+00  2.62141634e-01  0.00000000e+00  2.62141634e-01  0.00000000e+00  2.62141634e-01  0.00000000e+00  2.62141634e-01  0.00000000e+00  2.62141634e-01  0.00000000e+00  2.62141634e-01  0.00000000e+00  2.62141634e-01  2.78030026e-01  2.62141634e-01  1.07943742e-05  2.62141634e-01  5.01643171e-12 
 2.62132274e-01  1.80000000e+00  2.62132274e-01  0.00000000e+00  2.62132274e-01  0.00000000e+00  2.62132274e-01  0.00000000e+00  2.62132274e-01  0.00000000e+00  2.62132274e-01  0.00000000e+00  2.62132274e-01  0.00000000e+00  2.62132274e-01  2.78007093e-01  2.62132274e-01  1.07943753e-05  2.62132274e-01  4.24694811e-07 
 2.62130618e-01  0.00000000e+00  2.62130618e-01  1.80000000e+00  2.62130618e-01  0.00000000e+00  2.62130618e-01  0.00000000e+00  2.62130618e-01  0.00000000e+00  2.62130618e-01  0.00000000e+00  2.62130618e-01  0.00000000e+00  2.62130618e-01  2.77992133e-01  2.62130618e-01  1.07943760e-05  2.62130618e-01  5.15937522e-07 
 2.62125129e-01  1.80000000e+00  2.62125129e-01  1.80000000e+00  2.62125129e-01  0.00000000e+00  2.62125129e-01  0.00000000e+00  2.62125129e-01  0.00000000e+00  2.62125129e-01  0.00000000e+00  2.62125129e-01  0.00000000e+00  2.62125129e-01  2.77973498e-01  2.62125129e-01  1.07943768e-05  2.62125129e-01  8.12862929e-07 
 2.62127248e-01  0.00000000e+00  2.62127248e-01  0.00000000e+00  2.62127248e-01  1.80000000e+00  2.62127248e-01  0.00000000e+00  2.62127248e-01  0.00000000e+00  2.62127248e-01  0.00000000e+00  2.62127248e-01  0.00000000e+00  2.62127248e-01  2.77962205e-01  2.62127248e-01  1.07943774e-05  2.62127248e-01  6.99177725e-07 
 2.62119860e-01  1.80000000e+00  2.62119860e-01  0.00000000e+00  2.62119860e-01  1.80000000e+00  2.62119860e-01  0.00000000e+00  2.62119860e-01  0.00000000e+00  2.62119860e-01  0.00000000e+00  2.62119860e-01  0.00000000e+00  2.62119860e-01  2.77942108e-01  2.62119860e-01  1.07943784e-05  2.62119860e-01  1.09138640e-06 
 2.62120079e-01  0.00000000e+00  2.62120079e-01  1.80000000e+00  2.62120079e-01  1.80000000e+00  2.62120079e-01  0.00000000e+00  2.62120079e-01  0.00000000e+00  2.62120079e-01  0.00000000e+00  2.62120079e-01  0.00000000e+00  2.62120079e-01  2.77929203e-01  2.62120079e-01  1.07943790e-05  2.62120079e-01  1.07994029e-06 
 2.62116489e-01  1.80000000e+00  2.62116489e-01  1.80000000e+00  2.62116489e-01  1.80000000e+00  2.62116489e-01  0.00000000e+00  2.62116489e-01  0.00000000e+00  2.62116489e-01  0.00000000e+00  2.62116489e-01  0.00000000e+00  2.62116489e-01  2.77912870e-01  2.62116489e-01  1.07943798e-05  2.62116489e-01  1.26677273e-06 
 2.62120481e-01  0.00000000e+00  2.62120481e-01  0.00000000e+00  2.62120481e-01  0.00000000e+00  2.62120481e-01  1.80000000e+00  2.62120481e-01  0.00000000e+00  2.62120481e-01  0.00000000e+00  2.62120481e-01  0.00000000e+00  2.62120481e-01  2.77903129e-01  2.62120481e-01  1.07943803e-05  2.62120481e-01  1.05886161e-06 
 2.62112135e-01  1.80000000e+00  2.62112135e-01  0.00000000e+00  2.62112135e-01  0.00000000e+00  2.62112135e-01  1.80000000e+00  2.62112135e-01  0.00000000e+00  2.62112135e-01  0.00000000e+00  2.62112135e-01  0.00000000e+00  2.62112135e-01  2.77882913e-01  2.62112135e-01  1.07943813e-05  2.62112135e-01  1.49038454e-06 
 2.62111393e-01  0.00000000e+00  2.62111393e-01  1.80000000e+00  2.62111393e-01  0.00000000e+00  2.62111393e-01  1.80000000e+00  2.62111393e-01  0.00000000e+00  2.62111393e-01  0.00000000e+00  2.62111393e-01  0.00000000e+00  2.62111393e-01  2.77869351e-01  2.62111393e-01  1.07943819e-05  2.62111393e-01  1.52812442e-06 
 2.62106851e-01  1.80000000e+00  2.62106851e-01  1.80000000e+00  2.62106851e-01  0.00000000e+00  2.62106851e-01  1.80000000e+00  2.62106851e-01  0.00000000e+00  2.62106851e-01  0.00000000e+00  2.62106851e-01  0.00000000e+00  2.62106851e-01  2.77852677e-01  2.62106851e-01  1.07943827e-05  2.62106851e-01  1.75770367e-06 
 2.62109865e-01  0.00000000e+00  2.62109865e-01  0.00000000e+00  2.62109865e-01  1.80000000e+00  2.62109865e-01  1.80000000e+00  2.62109865e-01  0.00000000e+00  2.62109865e-01  0.00000000e+00  2.62109865e-01  0.00000000e+00  2.62109865e-01  2.77842138e-01  2.62109865e-01  1.07943833e-05  2.62109865e-01  1.60572009e-06 
 2.62103420e-01  1.80000000e+00  2.62103420e-01  0.00000000e+00  2.62103420e-01  1.80000000e+00  2.62103420e-01  1.80000000e+00  2.62103420e-01  0.00000000e+00  2.62103420e-01  0.00000000e+00  2.62103420e-01  0.00000000e+00  2.62103420e-01  2.77824189e-01  2.62103420e-01  1.07943841e-05  2.62103420e-01  1.92905827e-06 
 2.62104547e-01  0.00000000e+00  2.62104547e-01  1.80000000e+00  2.62104547e-01  1.80000000e+00  2.62104547e-01  1.80000000e+00  2.62104547e-01  0.00000000e+00  2.62104547e-01  0.00000000e+00  2.62104547e-01  0.00000000e+00  2.62104547e-01  2.77812251e-01  2.62104547e-01  1.07943847e-05  2.62104547e-01  1.87300965e-06 
 2.62101876e-01  1.80000000e+00  2.62101876e-01  1.80000000e+00  2.62101876e-01  1.80000000e+00  2.62101876e-01  1.80000000e+00  2.62101876e-01  0.00000000e+00  2.62101876e-01  0.00000000e+00  2.62101876e-01  0.00000000e+00  2.62101876e-01  2.77797414e-01  2.62101876e-01  1.07943854e-05  2.62101876e-01  2.00565938e-06 
 2.62106787e-01  0.00000000e+00  2.62106787e-01  0.00000000e+00  2.62106787e-01  0.00000000e+00  2.62106787e-01  0.00000000e+00  2.62106787e-01  1.80000000e+00  2.62106787e-01  0.00000000e+00  2.62106787e-01  0.00000000e+00  2.62106787e-01  2.77787394e-01  2.62106787e-01  1.07943859e-05  2.62106787e-01  1.76091836e-06 
 2.62097937e-01  1.80000000e+00  2.62097937e-01  0.00000000e+00  2.62097937e-01  0.00000000e+00  2.62097937e-01  0.00000000e+00  2.62097937e-01  1.80000000e+00  2.62097937e-01  0.00000000e+00  2.62097937e-01  0.00000000e+00  2.62097937e-01  2.77768283e-01  2.62097937e-01  1.07943868e-05  2.62097937e-01  2.19956524e-06 
 2.62096698e-01  0.00000000e+00  2.62096698e-01  1.80000000e+00  2.62096698e-01  0.00000000e+00  2.62096698e-01  0.00000000e+00  2.62096698e-01  1.80000000e+00  2.62096698e-01  0.00000000e+00  2.62096698e-01  0.00000000e+00  2.62096698e-01  2.77754756e-01  2.62096698e-01  1.07943874e-05  2.62096698e-01  2.26012315e-06 
 2.62091657e-01  1.80000000e+00  2.62091657e-01  1.80000000e+00  2.62091657e-01  0.00000000e+00  2.62091657e-01  0.00000000e+00  2.62091657e-01  1.80000000e+00  2.62091657e-01  0.00000000e+00  2.62091657e-01  0.00000000e+00  2.62091657e-01  2.77738655e-01  2.62091657e-01  1.07943882e-05  2.62091657e-01  2.50449237e-06 
 2.62094165e-01  0.00000000e+00  2.62094165e-01  0.00000000e+00  2.62094165e-01  1.80000000e+00  2.62094165e-01  0.00000000e+00  2.62094165e-01  1.80000000e+00  2.62094165e-01  0.00000000e+00  2.62094165e-01  0.00000000e+00  2.62094165e-01  2.77727659e-01  2.62094165e-01  1.07943887e-05  2.62094165e-01  2.38332395e-06 
 2.62087226e-01  1.80000000e+00  2.62087226e-01  0.00000000e+00  2.62087226e-01  1.80000000e+00  2.62087226e-01  0.00000000e+00  2.62087226e-01  1.80000000e+00  2.62087226e-01  0.00000000e+00  2.62087226e-01  0.00000000e+00  2.62087226e-01  2.77710565e-01  2.62087226e-01  1.07943895e-05  2.62087226e-01  2.71656708e-06 
 2.62087848e-01  0.00000000e+00  2.62087848e-01  1.80000000e+00  2.62087848e-01  1.80000000e+00  2.62087848e-01  0.00000000e+00  2.62087848e-01  1.80000000e+00  2.62087848e-01  0.00000000e+00  2.62087848e-01  0.00000000e+00  2.62087848e-01  2.77698465e-01  2.62087848e-01  1.07943901e-05  2.62087848e-01  2.68696335e-06 
 2.62084679e-01  1.80000000e+00  2.62084679e-01  1.80000000e+00  2.62084679e-01  1.80000000e+00  2.62084679e-01  0.00000000e+00  2.62084679e-01  1.80000000e+00  2.62084679e-01  0.00000000e+00  2.62084679e-01  0.00000000e+00  2.62084679e-01  2.77683990e-01  2.62084679e-01  1.07943909e-05  2.62084679e-01  2.83743591e-06 
 2.62089069e-01  0.00000000e+00  2.62089069e-01  0.00000000e+00  2.62089069e-01  0.00000000e+00  2.62089069e-01  1.80000000e+00  2.62089069e-01  1.80000000e+00  2.62089069e-01  0.00000000e+00  2.62089069e-01  0.00000000e+00  2.62089069e-01  2.77673993e-01  2.62089069e-01  1.07943913e-05  2.62089069e-01  2.62867110e-06 
 2.62081152e-01  1.80000000e+00  2.62081152e-01  0.00000000e+00  2.62081152e-01  0.00000000e+00  2.62081152e-01  1.80000000e+00  2.62081152e-01  1.80000000e+00  2.62081152e-01  0.00000000e+00  2.62081152e-01  0.00000000e+00  2.62081152e-01  2.77656895e-01  2.62081152e-01  1.07943921e-05  2.62081152e-01  3.00340617e-06 
 2.62080820e-01  0.00000000e+00  2.62080820e-01  1.80000000e+00  2.62080820e-01  0.00000000e+00  2.62080820e-01  1.80000000e+00  2.62080820e-01  1.80000000e+00  2.62080820e-01  0.00000000e+00  2.62080820e-01  0.00000000e+00  2.62080820e-01  2.77644336e-01  2.62080820e-01  1.07943928e-05  2.62080820e-01  3.01894580e-06 
 2.62076688e-01  1.80000000e+00  2.62076688e-01  1.80000000e+00  2.62076688e-01  0.00000000e+00  2.62076688e-01  1.80000000e+00  2.62076688e-01  1.80000000e+00  2.62076688e-01  0.00000000e+00  2.62076688e-01  0.00000000e+00  2.62076688e-01  2.77629666e-01  2.62076688e-01  1.07943935e-05  2.62076688e-01  3.21136775e-06 
 2.62080118e-01  0.00000000e+00  2.62080118e-01  0.00000000e+00  2.62080118e-01  1.80000000e+00  2.62080118e-01  1.80000000e+00  2.62080118e-01  1.80000000e+00  2.62080118e-01  0.00000000e+00  2.62080118e-01  0.00000000e+00  2.62080118e-01  2.77619102e-01  2.62080118e-01  1.07943940e-05  2.62080118e-01  3.05179744e-06 
 2.62074077e-01  1.80000000e+00  2.62074077e-01  0.00000000e+00  2.62074077e-01  1.80000000e+00  2.62074077e-01  1.80000000e+00  2.62074077e-01  1.80000000e+00  2.62074077e-01  0.00000000e+00  2.62074077e-01  0.00000000e+00  2.62074077e-01  2.77603614e-01  2.62074077e-01  1.07943947e-05  2.62074077e-01  3.33191766e-06 
 2.62075619e-01  0.00000000e+00  2.62075619e-01  1.80000000e+00  2.62075619e-01  1.80000000e+00  2.62075619e-01  1.80000000e+00  2.62075619e-01  1.80000000e+00  2.62075619e-01  0.00000000e+00  2.62075619e-01  0.00000000e+00  2.62075619e-01  2.77592121e-01  2.62075619e-01  1.07943952e-05  2.62075619e-01  3.26081910e-06 
 2.62073357e-01  1.80000000e+00  2.62073357e-01  1.80000000e+00  2.62073357e-01  1.80000000e+00  2.62073357e-01  1.80000000e+00  2.62073357e-01  1.80000000e+00  2.62073357e-01  0.00000000e+00  2.62073357e-01  0.00000000e+00  2.62073357e-01  2.77578708e-01  2.62073357e-01  1.07943959e-05  2.62073357e-01  3.36501108e-06 
 2.62078727e-01  0.00000000e+00  2.62078727e-01  0.00000000e+00  2.62078727e-01  0.00000000e+00  2.62078727e-01  0.00000000e+00  2.62078727e-01  0.00000000e+00  2.62078727e-01  1.80000000e+00  2.62078727e-01  0.00000000e+00  2.62078727e-01  2.77566106e-01  2.62078727e-01  1.07943965e-05  2.62078727e-01  3.11666275e-06 
 2.62069546e-01  1.80000000e+00  2.62069546e-01  0.00000000e+00  2.62069546e-01  0.00000000e+00  2.62069546e-01  0.00000000e+00  2.62069546e-01  0.00000000e+00  2.62069546e-01  1.80000000e+00  2.62069546e-01  0.00000000e+00  2.62069546e-01  2.77549651e-01  2.62069546e-01  1.07943974e-05  2.62069546e-01  3.53917653e-06 
 2.62068008e-01  0.00000000e+00  2.62068008e-01  1.80000000e+00  2.62068008e-01  0.00000000e+00  2.62068008e-01  0.00000000e+00  2.62068008e-01  0.00000000e+00  2.62068008e-01  1.80000000e+00  2.62068008e-01  0.00000000e+00  2.62068008e-01  2.77536819e-01  2.62068008e-01  1.07943979e-05  2.62068008e-01  3.60899949e-06 
 2.62062647e-01  1.80000000e+00  2.62062647e-01  1.80000000e+00  2.62062647e-01  0.00000000e+00  2.62062647e-01  0.00000000e+00  2.62062647e-01  0.00000000e+00  2.62062647e-01  1.80000000e+00  2.62062647e-01  0.00000000e+00  2.62062647e-01  2.77522366e-01  2.62062647e-01  1.07943986e-05  2.62062647e-01  3.85022362e-06 
 2.62064870e-01  0.00000000e+00  2.62064870e-01  0.00000000e+00  2.62064870e-01  1.80000000e+00  2.62064870e-01  0.00000000e+00  2.62064870e-01  0.00000000e+00  2.62064870e-01  1.80000000e+00  2.62064870e-01  0.00000000e+00  2.62064870e-01  2.77511142e-01  2.62064870e-01  1.07943991e-05  2.62064870e-01  3.75058260e-06 
 2.62057601e-01  1.80000000e+00  2.62057601e-01  0.00000000e+00  2.62057601e-01  1.80000000e+00  2.62057601e-01  0.00000000e+00  2.62057601e-01  0.00000000e+00  2.62057601e-01  1.80000000e+00  2.62057601e-01  0.00000000e+00  2.62057601e-01  2.77496157e-01  2.62057601e-01  1.07943999e-05  2.62057601e-01  4.07423121e-06 
 2.62057929e-01  0.00000000e+00  2.62057929e-01  1.80000000e+00  2.62057929e-01  1.80000000e+00  2.62057929e-01  0.00000000e+00  2.62057929e-01  0.00000000e+00  2.62057929e-01  1.80000000e+00  2.62057929e-01  0.00000000e+00  2.62057929e-01  2.77484312e-01  2.62057929e-01  1.07944004e-05  2.62057929e-01  4.05975578e-06 
 2.62054446e-01  1.80000000e+00  2.62054446e-01  1.80000000e+00  2.62054446e-01  1.80000000e+00  2.62054446e-01  0.00000000e+00  2.62054446e-01  0.00000000e+00  2.62054446e-01  1.80000000e+00  2.62054446e-01  0.00000000e+00  2.62054446e-01  2.77471016e-01  2.62054446e-01  1.07944011e-05  2.62054446e-01  4.21287516e-06 
 2.62058554e-01  0.00000000e+00  2.62058554e-01  0.00000000e+00  2.62058554e-01  0.00000000e+00  2.62058554e-01  1.80000000e+00  2.62058554e-01  0.00000000e+00  2.62058554e-01  1.80000000e+00  2.62058554e-01  0.00000000e+00  2.62058554e-01  2.77460387e-01  2.62058554e-01  1.07944016e-05  2.62058554e-01  4.03215263e-06 
 2.62050300e-01  1.80000000e+00  2.62050300e-01  0.00000000e+00  2.62050300e-01  0.00000000e+00  2.62050300e-01  1.80000000e+00  2.62050300e-01  0.00000000e+00  2.62050300e-01  1.80000000e+00  2.62050300e-01  0.00000000e+00  2.62050300e-01  2.77445607e-01  2.62050300e-01  1.07944023e-05  2.62050300e-01  4.39327643e-06 
 2.62049666e-01  0.00000000e+00  2.62049666e-01  1.80000000e+00  2.62049666e-01  0.00000000e+00  2.62049666e-01  1.80000000e+00  2.62049666e-01  0.00000000e+00  2.62049666e-01  1.80000000e+00  2.62049666e-01  0.00000000e+00  2.62049666e-01  2.77433560e-01  2.62049666e-01  1.07944029e-05  2.62049666e-01  4.42069522e-06 
 2.62045210e-01  1.80000000e+00  2.62045210e-01  1.80000000e+00  2.62045210e-01  0.00000000e+00  2.62045210e-01  1.80000000e+00  2.62045210e-01  0.00000000e+00  2.62045210e-01  1.80000000e+00  2.62045210e-01  0.00000000e+00  2.62045210e-01  2.77420296e-01  2.62045210e-01  1.07944035e-05  2.62045210e-01  4.61211619e-06 
 2.62048352e-01  0.00000000e+00  2.62048352e-01  0.00000000e+00  2.62048352e-01  1.80000000e+00  2.62048352e-01  1.80000000e+00  2.62048352e-01  0.00000000e+00  2.62048352e-01  1.80000000e+00  2.62048352e-01  0.00000000e+00  2.62048352e-01  2.77409388e-01  2.62048352e-01  1.07944040e-05  2.62048352e-01  4.47736367e-06 
 2.62041977e-01  1.80000000e+00  2.62041977e-01  0.00000000e+00  2.62041977e-01  1.80000000e+00  2.62041977e-01  1.80000000e+00  2.62041977e-01  0.00000000e+00  2.62041977e-01  1.80000000e+00  2.62041977e-01  0.00000000e+00  2.62041977e-01  2.77395746e-01  2.62041977e-01  1.07944047e-05  2.62041977e-01  4.74961502e-06 
 2.62043222e-01  0.00000000e+00  2.62043222e-01  1.80000000e+00  2.62043222e-01  1.80000000e+00  2.62043222e-01  1.80000000e+00  2.62043222e-01  0.00000000e+00  2.62043222e-01  1.80000000e+00  2.62043222e-01  0.00000000e+00  2.62043222e-01  2.77384366e-01  2.62043222e-01  1.07944052e-05  2.62043222e-01  4.69682180e-06 
 2.62040641e-01  1.80000000e+00  2.62040641e-01  1.80000000e+00  2.62040641e-01  1.80000000e+00  2.62040641e-01  1.80000000e+00  2.62040641e-01  0.00000000e+00  2.62040641e-01  1.80000000e+00  2.62040641e-01  0.00000000e+00  2.62040641e-01  2.77371937e-01  2.62040641e-01  1.07944058e-05  2.62040641e-01  4.80607616e-06 
 2.62045711e-01  0.00000000e+00  2.62045711e-01  0.00000000e+00  2.62045711e-01  0.00000000e+00  2.62045711e-01  0.00000000e+00  2.62045711e-01  1.80000000e+00  2.62045711e-01  1.80000000e+00  2.62045711e-01  0.00000000e+00  2.62045711e-01  2.77360695e-01  2.62045711e-01  1.07944064e-05  2.62045711e-01  4.59072211e-06 
 2.62036895e-01  1.80000000e+00  2.62036895e-01  0.00000000e+00  2.62036895e-01  0.00000000e+00  2.62036895e-01  0.00000000e+00  2.62036895e-01  1.80000000e+00  2.62036895e-01  1.80000000e+00  2.62036895e-01  0.00000000e+00  2.62036895e-01  2.77346946e-01  2.62036895e-01  1.07944070e-05  2.62036895e-01  4.96336329e-06 
 2.62035754e-01  0.00000000e+00  2.62035754e-01  1.80000000e+00  2.62035754e-01  0.00000000e+00  2.62035754e-01  0.00000000e+00  2.62035754e-01  1.80000000e+00  2.62035754e-01  1.80000000e+00  2.62035754e-01  0.00000000e+00  2.62035754e-01  2.77335090e-01  2.62035754e-01  1.07944076e-05  2.62035754e-01  5.01096400e-06 
 2.62030764e-01  1.80000000e+00  2.62030764e-01  1.80000000e+00  2.62030764e-01  0.00000000e+00  2.62030764e-01  0.00000000e+00  2.62030764e-01  1.80000000e+00  2.62030764e-01  1.80000000e+00  2.62030764e-01  0.00000000e+00  2.62030764e-01  2.77322441e-01  2.62030764e-01  1.07944082e-05  2.62030764e-01  5.21740955e-06 
 2.62033415e-01  0.00000000e+00  2.62033415e-01  0.00000000e+00  2.62033415e-01  1.80000000e+00  2.62033415e-01  0.00000000e+00  2.62033415e-01  1.80000000e+00  2.62033415e-01  1.80000000e+00  2.62033415e-01  0.00000000e+00  2.62033415e-01  2.77311341e-01  2.62033415e-01  1.07944088e-05  2.62033415e-01  5.10806356e-06 
 2.62026494e-01  1.80000000e+00  2.62026494e-01  0.00000000e+00  2.62026494e-01  1.80000000e+00  2.62026494e-01  0.00000000e+00  2.62026494e-01  1.80000000e+00  2.62026494e-01  1.80000000e+00  2.62026494e-01  0.00000000e+00  2.62026494e-01  2.77298537e-01  2.62026494e-01  1.07944094e-05  2.62026494e-01  5.39181049e-06 
 2.62027236e-01  0.00000000e+00  2.62027236e-01  1.80000000e+00  2.62027236e-01  1.80000000e+00  2.62027236e-01  0.00000000e+00  2.62027236e-01  1.80000000e+00  2.62027236e-01  1.80000000e+00  2.62027236e-01  0.00000000e+00  2.62027236e-01  2.77287200e-01  2.62027236e-01  1.07944099e-05  2.62027236e-01  5.36166431e-06 
 2.62024129e-01  1.80000000e+00  2.62024129e-01  1.80000000e+00  2.62024129e-01  1.80000000e+00  2.62024129e-01  0.00000000e+00  2.62024129e-01  1.80000000e+00  2.62024129e-01  1.80000000e+00  2.62024129e-01  0.00000000e+00  2.62024129e-01  2.77275227e-01  2.62024129e-01  1.07944105e-05  2.62024129e-01  5.48755280e-06 
 2.62028701e-01  0.00000000e+00  2.62028701e-01  0.00000000e+00  2.62028701e-01  0.00000000e+00  2.62028701e-01  1.80000000e+00  2.62028701e-01  1.80000000e+00  2.62028701e-01  1.80000000e+00  2.62028701e-01  0.00000000e+00  2.62028701e-01  2.77264274e-01  2.62028701e-01  1.07944110e-05  2.62028701e-01  5.30192851e-06 
 2.62020768e-01  1.80000000e+00  2.62020768e-01  0.00000000e+00  2.62020768e-01  0.00000000e+00  2.62020768e-01  1.80000000e+00  2.62020768e-01  1.80000000e+00  2.62020768e-01  1.80000000e+00  2.62020768e-01  0.00000000e+00  2.62020768e-01  2.77251813e-01  2.62020768e-01  1.07944116e-05  2.62020768e-01  5.62255486e-06 
 2.62020542e-01  0.00000000e+00  2.62020542e-01  1.80000000e+00  2.62020542e-01  0.00000000e+00  2.62020542e-01  1.80000000e+00  2.62020542e-01  1.80000000e+00  2.62020542e-01  1.80000000e+00  2.62020542e-01  0.00000000e+00  2.62020542e-01  2.77240428e-01  2.62020542e-01  1.07944122e-05  2.62020542e-01  5.63159795e-06 
 2.62016444e-01  1.80000000e+00  2.62016444e-01  1.80000000e+00  2.62016444e-01  0.00000000e+00  2.62016444e-01  1.80000000e+00  2.62016444e-01  1.80000000e+00  2.62016444e-01  1.80000000e+00  2.62016444e-01  0.00000000e+00  2.62016444e-01  2.77228627e-01  2.62016444e-01  1.07944127e-05  2.62016444e-01  5.79434781e-06 
 2.62020052e-01  0.00000000e+00  2.62020052e-01  0.00000000e+00  2.62020052e-01  1.80000000e+00  2.62020052e-01  1.80000000e+00  2.62020052e-01  1.80000000e+00  2.62020052e-01  1.80000000e+00  2.62020052e-01  0.00000000e+00  2.62020052e-01  2.77217556e-01  2.62020052e-01  1.07944133e-05  2.62020052e-01  5.65114699e-06 
 2.62014004e-01  1.80000000e+00  2.62014004e-01  0.00000000e+00  2.62014004e-01  1.80000000e+00  2.62014004e-01  1.80000000e+00  2.62014004e-01  1.80000000e+00  2.62014004e-01  1.80000000e+00  2.62014004e-01  0.00000000e+00  2.62014004e-01  2.77205756e-01  2.62014004e-01  1.07944138e-05  2.62014004e-01  5.89036672e-06 
 2.62015690e-01  0.00000000e+00  2.62015690e-01  1.80000000e+00  2.62015690e-01  1.80000000e+00  2.62015690e-01  1.80000000e+00  2.62015690e-01  1.80000000e+00  2.62015690e-01  1.80000000e+00  2.62015690e-01  0.00000000e+00  2.62015690e-01  2.77194587e-01  2.62015690e-01  1.07944143e-05  2.62015690e-01  5.82408018e-06 
 2.62013494e-01  1.80000000e+00  2.62013494e-01  1.80000000e+00  2.62013494e-01  1.80000000e+00  2.62013494e-01  1.80000000e+00  2.62013494e-01  1.80000000e+00  2.62013494e-01  1.80000000e+00  2.62013494e-01  0.00000000e+00  2.62013494e-01  2.77183167e-01  2.62013494e-01  1.07944149e-05  2.62013494e-01  5.91037109e-06 
 2.62019068e-01  0.00000000e+00  2.62019068e-01  0.00000000e+00  2.62019068e-01  0.00000000e+00  2.62019068e-01  0.00000000e+00  2.62019068e-01  0.00000000e+00  2.62019068e-01  0.00000000e+00  2.62019068e-01  1.80000000e+00  2.62019068e-01  2.77181482e-01  2.62019068e-01  1.07944150e-05  2.62019068e-01  5.69035991e-06 
 2.62009434e-01  1.80000000e+00  2.62009434e-01  0.00000000e+00  2.62009434e-01  0.00000000e+00  2.62009434e-01  0.00000000e+00  2.62009434e-01  0.00000000e+00  2.62009434e-01  0.00000000e+00  2.62009434e-01  1.80000000e+00  2.62009434e-01  2.77169996e-01  2.62009434e-01  1.07944156e-05  2.62009434e-01  6.06846911e-06 
 2.62007605e-01  0.00000000e+00  2.62007605e-01  1.80000000e+00  2.62007605e-01  0.00000000e+00  2.62007605e-01  0.00000000e+00  2.62007605e-01  0.00000000e+00  2.62007605e-01  0.00000000e+00  2.62007605e-01  1.80000000e+00  2.62007605e-01  2.77158792e-01  2.62007605e-01  1.07944161e-05  2.62007605e-01  6.13907320e-06 
 2.62001858e-01  1.80000000e+00  2.62001858e-01  1.80000000e+00  2.62001858e-01  0.00000000e+00  2.62001858e-01  0.00000000e+00  2.62001858e-01  0.00000000e+00  2.62001858e-01  0.00000000e+00  2.62001858e-01  1.80000000e+00  2.62001858e-01  2.77147598e-01  2.62001858e-01  1.07944167e-05  2.62001858e-01  6.35852613e-06 
 2.62003876e-01  0.00000000e+00  2.62003876e-01  0.00000000e+00  2.62003876e-01  1.80000000e+00  2.62003876e-01  0.00000000e+00  2.62003876e-01  0.00000000e+00  2.62003876e-01  0.00000000e+00  2.62003876e-01  1.80000000e+00  2.62003876e-01  2.77136407e-01  2.62003876e-01  1.07944171e-05  2.62003876e-01  6.28187363e-06 
 2.61996165e-01  1.80000000e+00  2.61996165e-01  0.00000000e+00  2.61996165e-01  1.80000000e+00  2.61996165e-01  0.00000000e+00  2.61996165e-01  0.00000000e+00  2.61996165e-01  0.00000000e+00  2.61996165e-01  1.80000000e+00  2.61996165e-01  2.77125460e-01  2.61996165e-01  1.07944177e-05  2.61996165e-01  6.57227434e-06 
 2.61996241e-01  0.00000000e+00  2.61996241e-01  1.80000000e+00  2.61996241e-01  1.80000000e+00  2.61996241e-01  0.00000000e+00  2.61996241e-01  0.00000000e+00  2.61996241e-01  0.00000000e+00  2.61996241e-01  1.80000000e+00  2.61996241e-01  2.77114456e-01  2.61996241e-01  1.07944183e-05  2.61996241e-01  6.56945436e-06 
 2.61992402e-01  1.80000000e+00  2.61992402e-01  1.80000000e+00  2.61992402e-01  1.80000000e+00  2.61992402e-01  0.00000000e+00  2.61992402e-01  0.00000000e+00  2.61992402e-01  0.00000000e+00  2.61992402e-01  1.80000000e+00  2.61992402e-01  2.77103590e-01  2.61992402e-01  1.07944187e-05  2.61992402e-01  6.71160102e-06 
 2.61996353e-01  0.00000000e+00  2.61996353e-01  0.00000000e+00  2.61996353e-01  0.00000000e+00  2.61996353e-01  1.80000000e+00  2.61996353e-01  0.00000000e+00  2.61996353e-01  0.00000000e+00  2.61996353e-01  1.80000000e+00  2.61996353e-01  2.77092258e-01  2.61996353e-01  1.07944192e-05  2.61996353e-01  6.56527797e-06 
 2.61987610e-01  1.80000000e+00  2.61987610e-01  0.00000000e+00  2.61987610e-01  0.00000000e+00  2.61987610e-01  1.80000000e+00  2.61987610e-01  0.00000000e+00  2.61987610e-01  0.00000000e+00  2.61987610e-01  1.80000000e+00  2.61987610e-01  2.77081863e-01  2.61987610e-01  1.07944197e-05  2.61987610e-01  6.88669526e-06 
 2.61986692e-01  0.00000000e+00  2.61986692e-01  1.80000000e+00  2.61986692e-01  0.00000000e+00  2.61986692e-01  1.80000000e+00  2.61986692e-01  0.00000000e+00  2.61986692e-01  0.00000000e+00  2.61986692e-01  1.80000000e+00  2.61986692e-01  2.77071069e-01  2.61986692e-01  1.07944204e-05  2.61986692e-01  6.91997082e-06 
 2.61981839e-01  1.80000000e+00  2.61981839e-01  1.80000000e+00  2.61981839e-01  0.00000000e+00  2.61981839e-01  1.80000000e+00  2.61981839e-01  0.00000000e+00  2.61981839e-01  0.00000000e+00  2.61981839e-01  1.80000000e+00  2.61981839e-01  2.77060605e-01  2.61981839e-01  1.07944209e-05  2.61981839e-01  7.09425172e-06 
 2.61984801e-01  0.00000000e+00  2.61984801e-01  0.00000000e+00  2.61984801e-01  1.80000000e+00  2.61984801e-01  1.80000000e+00  2.61984801e-01  0.00000000e+00  2.61984801e-01  0.00000000e+00  2.61984801e-01  1.80000000e+00  2.61984801e-01  2.77049444e-01  2.61984801e-01  1.07944214e-05  2.61984801e-01  6.98819269e-06 
 2.61977965e-01  1.80000000e+00  2.61977965e-01  0.00000000e+00  2.61977965e-01  1.80000000e+00  2.61977965e-01  1.80000000e+00  2.61977965e-01  0.00000000e+00  2.61977965e-01  0.00000000e+00  2.61977965e-01  1.80000000e+00  2.61977965e-01  2.77039360e-01  2.61977965e-01  1.07944218e-05  2.61977965e-01  7.23146993e-06 
 2.61978975e-01  0.00000000e+00  2.61978975e-01  1.80000000e+00  2.61978975e-01  1.80000000e+00  2.61978975e-01  1.80000000e+00  2.61978975e-01  0.00000000e+00  2.61978975e-01  0.00000000e+00  2.61978975e-01  1.80000000e+00  2.61978975e-01  2.77028502e-01  2.61978975e-01  1.07944224e-05  2.61978975e-01  7.19588104e-06 
 2.61976040e-01  1.80000000e+00  2.61976040e-01  1.80000000e+00  2.61976040e-01  1.80000000e+00  2.61976040e-01  1.80000000e+00  2.61976040e-01  0.00000000e+00  2.61976040e-01  0.00000000e+00  2.61976040e-01  1.80000000e+00  2.61976040e-01  2.77018115e-01  2.61976040e-01  1.07944229e-05  2.61976040e-01  7.29906286e-06 
 2.61980983e-01  0.00000000e+00  2.61980983e-01  0.00000000e+00  2.61980983e-01  0.00000000e+00  2.61980983e-01  0.00000000e+00  2.61980983e-01  1.80000000e+00  2.61980983e-01  0.00000000e+00  2.61980983e-01  1.80000000e+00  2.61980983e-01  2.77005894e-01  2.61980983e-01  1.07944234e-05  2.61980983e-01  7.12472257e-06 
 2.61971617e-01  1.80000000e+00  2.61971617e-01  0.00000000e+00  2.61971617e-01  0.00000000e+00  2.61971617e-01  0.00000000e+00  2.61971617e-01  1.80000000e+00  2.61971617e-01  0.00000000e+00  2.61971617e-01  1.80000000e+00  2.61971617e-01  2.76996631e-01  2.61971617e-01  1.07944239e-05  2.61971617e-01  7.45276865e-06 
 2.61970160e-01  0.00000000e+00  2.61970160e-01  1.80000000e+00  2.61970160e-01  0.00000000e+00  2.61970160e-01  0.00000000e+00  2.61970160e-01  1.80000000e+00  2.61970160e-01  0.00000000e+00  2.61970160e-01  1.80000000e+00  2.61970160e-01  2.76986251e-01  2.61970160e-01  1.07944244e-05  2.61970160e-01  7.50294704e-06 
 2.61964722e-01  1.80000000e+00  2.61964722e-01  1.80000000e+00  2.61964722e-01  0.00000000e+00  2.61964722e-01  0.00000000e+00  2.61964722e-01  1.80000000e+00  2.61964722e-01  0.00000000e+00  2.61964722e-01  1.80000000e+00  2.61964722e-01  2.76976564e-01  2.61964722e-01  1.07944249e-05  2.61964722e-01  7.68810428e-06 
 2.61967178e-01  0.00000000e+00  2.61967178e-01  0.00000000e+00  2.61967178e-01  1.80000000e+00  2.61967178e-01  0.00000000e+00  2.61967178e-01  1.80000000e+00  2.61967178e-01  0.00000000e+00  2.61967178e-01  1.80000000e+00  2.61967178e-01  2.76965499e-01  2.61967178e-01  1.07944254e-05  2.61967178e-01  7.60489171e-06 
 2.61959735e-01  1.80000000e+00  2.61959735e-01  0.00000000e+00  2.61959735e-01  1.80000000e+00  2.61959735e-01  0.00000000e+00  2.61959735e-01  1.80000000e+00  2.61959735e-01  0.00000000e+00  2.61959735e-01  1.80000000e+00  2.61959735e-01  2.76956379e-01  2.61959735e-01  1.07944258e-05  2.61959735e-01  7.85506325e-06 
 2.61960215e-01  0.00000000e+00  2.61960215e-01  1.80000000e+00  2.61960215e-01  1.80000000e+00  2.61960215e-01  0.00000000e+00  2.61960215e-01  1.80000000e+00  2.61960215e-01  0.00000000e+00  2.61960215e-01  1.80000000e+00  2.61960215e-01  2.76945816e-01  2.61960215e-01  1.07944263e-05  2.61960215e-01  7.83910073e-06 
 2.61956708e-01  1.80000000e+00  2.61956708e-01  1.80000000e+00  2.61956708e-01  1.80000000e+00  2.61956708e-01  0.00000000e+00  2.61956708e-01  1.80000000e+00  2.61956708e-01  0.00000000e+00  2.61956708e-01  1.80000000e+00  2.61956708e-01  2.76936072e-01  2.61956708e-01  1.07944268e-05  2.61956708e-01  7.95505222e-06 
 2.61961149e-01  0.00000000e+00  2.61961149e-01  0.00000000e+00  2.61961149e-01  0.00000000e+00  2.61961149e-01  1.80000000e+00  2.61961149e-01  1.80000000e+00  2.61961149e-01  0.00000000e+00  2.61961149e-01  1.80000000e+00  2.61961149e-01  2.76924483e-01  2.61961149e-01  1.07944274e-05  2.61961149e-01  7.80798918e-06 
 2.61952637e-01  1.80000000e+00  2.61952637e-01  0.00000000e+00  2.61952637e-01  0.00000000e+00  2.61952637e-01  1.80000000e+00  2.61952637e-01  1.80000000e+00  2.61952637e-01  0.00000000e+00  2.61952637e-01  1.80000000e+00  2.61952637e-01  2.76916052e-01  2.61952637e-01  1.07944278e-05  2.61952637e-01  8.08797304e-06 
 2.61952108e-01  0.00000000e+00  2.61952108e-01  1.80000000e+00  2.61952108e-01  0.00000000e+00  2.61952108e-01  1.80000000e+00  2.61952108e-01  1.80000000e+00  2.61952108e-01  0.00000000e+00  2.61952108e-01  1.80000000e+00  2.61952108e-01  2.76905827e-01  2.61952108e-01  1.07944283e-05  2.61952108e-01  8.10512448e-06 
 2.61947557e-01  1.80000000e+00  2.61947557e-01  1.80000000e+00  2.61947557e-01  0.00000000e+00  2.61947557e-01  1.80000000e+00  2.61947557e-01  1.80000000e+00  2.61947557e-01  0.00000000e+00  2.61947557e-01  1.80000000e+00  2.61947557e-01  2.76896617e-01  2.61947557e-01  1.07944287e-05  2.61947557e-01  8.25131015e-06 
 2.61951003e-01  0.00000000e+00  2.61951003e-01  0.00000000e+00  2.61951003e-01  1.80000000e+00  2.61951003e-01  1.80000000e+00  2.61951003e-01  1.80000000e+00  2.61951003e-01  0.00000000e+00  2.61951003e-01  1.80000000e+00  2.61951003e-01  2.76885321e-01  2.61951003e-01  1.07944293e-05  2.61951003e-01  8.14083609e-06 
 2.61944420e-01  1.80000000e+00  2.61944420e-01  0.00000000e+00  2.61944420e-01  1.80000000e+00  2.61944420e-01  1.80000000e+00  2.61944420e-01  1.80000000e+00  2.61944420e-01  0.00000000e+00  2.61944420e-01  1.80000000e+00  2.61944420e-01  2.76876822e-01  2.61944420e-01  1.07944297e-05  2.61944420e-01  8.35078544e-06 
 2.61945870e-01  0.00000000e+00  2.61945870e-01  1.80000000e+00  2.61945870e-01  1.80000000e+00  2.61945870e-01  1.80000000e+00  2.61945870e-01  1.80000000e+00  2.61945870e-01  0.00000000e+00  2.61945870e-01  1.80000000e+00  2.61945870e-01  2.76866145e-01  2.61945870e-01  1.07944301e-05  2.61945870e-01  8.30495149e-06 
 2.61943281e-01  1.80000000e+00  2.61943281e-01  1.80000000e+00  2.61943281e-01  1.80000000e+00  2.61943281e-01  1.80000000e+00  2.61943281e-01  1.80000000e+00  2.61943281e-01  0.00000000e+00  2.61943281e-01  1.80000000e+00  2.61943281e-01  2.76856631e-01  2.61943281e-01  1.07944307e-05  2.61943281e-01  8.38665411e-06 
 2.61948817e-01  0.00000000e+00  2.61948817e-01  0.00000000e+00  2.61948817e-01  0.00000000e+00  2.61948817e-01  0.00000000e+00  2.61948817e-01  0.00000000e+00  2.61948817e-01  1.80000000e+00  2.61948817e-01  1.80000000e+00  2.61948817e-01  2.76841882e-01  2.61948817e-01  1.07944314e-05  2.61948817e-01  8.21106547e-06 
 2.61938872e-01  1.80000000e+00  2.61938872e-01  0.00000000e+00  2.61938872e-01  0.00000000e+00  2.61938872e-01  0.00000000e+00  2.61938872e-01  0.00000000e+00  2.61938872e-01  1.80000000e+00  2.61938872e-01  1.80000000e+00  2.61938872e-01  2.76834856e-01  2.61938872e-01  1.07944317e-05  2.61938872e-01  8.52413277e-06 
 2.61937038e-01  0.00000000e+00  2.61937038e-01  1.80000000e+00  2.61937038e-01  0.00000000e+00  2.61937038e-01  0.00000000e+00  2.61937038e-01  0.00000000e+00  2.61937038e-01  1.80000000e+00  2.61937038e-01  1.80000000e+00  2.61937038e-01  2.76825313e-01  2.61937038e-01  1.07944322e-05  2.61937038e-01  8.58068193e-06 
 2.61931112e-01  1.80000000e+00  2.61931112e-01  1.80000000e+00  2.61931112e-01  0.00000000e+00  2.61931112e-01  0.00000000e+00  2.61931112e-01  0.00000000e+00  2.61931112e-01  1.80000000e+00  2.61931112e-01  1.80000000e+00  2.61931112e-01  2.76817161e-01  2.61931112e-01  1.07944325e-05  2.61931112e-01  8.76099696e-06 
 2.61933292e-01  0.00000000e+00  2.61933292e-01  0.00000000e+00  2.61933292e-01  1.80000000e+00  2.61933292e-01  0.00000000e+00  2.61933292e-01  0.00000000e+00  2.61933292e-01  1.80000000e+00  2.61933292e-01  1.80000000e+00  2.61933292e-01  2.76806268e-01  2.61933292e-01  1.07944330e-05  2.61933292e-01  8.69511405e-06 
 2.61925299e-01  1.80000000e+00  2.61925299e-01  0.00000000e+00  2.61925299e-01  1.80000000e+00  2.61925299e-01  0.00000000e+00  2.61925299e-01  0.00000000e+00  2.61925299e-01  1.80000000e+00  2.61925299e-01  1.80000000e+00  2.61925299e-01  2.76799031e-01  2.61925299e-01  1.07944334e-05  2.61925299e-01  8.93427620e-06 
 2.61925446e-01  0.00000000e+00  2.61925446e-01  1.80000000e+00  2.61925446e-01  1.80000000e+00  2.61925446e-01  0.00000000e+00  2.61925446e-01  0.00000000e+00  2.61925446e-01  1.80000000e+00  2.61925446e-01  1.80000000e+00  2.61925446e-01  2.76788995e-01  2.61925446e-01  1.07944339e-05  2.61925446e-01  8.92991213e-06 
 2.61921491e-01  1.80000000e+00  2.61921491e-01  1.80000000e+00  2.61921491e-01  1.80000000e+00  2.61921491e-01  0.00000000e+00  2.61921491e-01  0.00000000e+00  2.61921491e-01  1.80000000e+00  2.61921491e-01  1.80000000e+00  2.61921491e-01  2.76780464e-01  2.61921491e-01  1.07944343e-05  2.61921491e-01  9.04582674e-06 
 2.61925704e-01  0.00000000e+00  2.61925704e-01  0.00000000e+00  2.61925704e-01  0.00000000e+00  2.61925704e-01  1.80000000e+00  2.61925704e-01  0.00000000e+00  2.61925704e-01  1.80000000e+00  2.61925704e-01  1.80000000e+00  2.61925704e-01  2.76768758e-01  2.61925704e-01  1.07944348e-05  2.61925704e-01  8.92230125e-06 
 2.61916596e-01  1.80000000e+00  2.61916596e-01  0.00000000e+00  2.61916596e-01  0.00000000e+00  2.61916596e-01  1.80000000e+00  2.61916596e-01  0.00000000e+00  2.61916596e-01  1.80000000e+00  2.61916596e-01  1.80000000e+00  2.61916596e-01  2.76762387e-01  2.61916596e-01  1.07944351e-05  2.61916596e-01  9.18702300e-06 
 2.61915696e-01  0.00000000e+00  2.61915696e-01  1.80000000e+00  2.61915696e-01  0.00000000e+00  2.61915696e-01  1.80000000e+00  2.61915696e-01  0.00000000e+00  2.61915696e-01  1.80000000e+00  2.61915696e-01  1.80000000e+00  2.61915696e-01  2.76752892e-01  2.61915696e-01  1.07944356e-05  2.61915696e-01  9.21270317e-06 
 2.61910653e-01  1.80000000e+00  2.61910653e-01  1.80000000e+00  2.61910653e-01  0.00000000e+00  2.61910653e-01  1.80000000e+00  2.61910653e-01  0.00000000e+00  2.61910653e-01  1.80000000e+00  2.61910653e-01  1.80000000e+00  2.61910653e-01  2.76745083e-01  2.61910653e-01  1.07944360e-05  2.61910653e-01  9.35510700e-06 
 2.61913838e-01  0.00000000e+00  2.61913838e-01  0.00000000e+00  2.61913838e-01  1.80000000e+00  2.61913838e-01  1.80000000e+00  2.61913838e-01  0.00000000e+00  2.61913838e-01  1.80000000e+00  2.61913838e-01  1.80000000e+00  2.61913838e-01  2.76733886e-01  2.61913838e-01  1.07944365e-05  2.61913838e-01  9.26546250e-06 
 2.61906696e-01  1.80000000e+00  2.61906696e-01  0.00000000e+00  2.61906696e-01  1.80000000e+00  2.61906696e-01  1.80000000e+00  2.61906696e-01  0.00000000e+00  2.61906696e-01  1.80000000e+00  2.61906696e-01  1.80000000e+00  2.61906696e-01  2.76727126e-01  2.61906696e-01  1.07944369e-05  2.61906696e-01  9.46500163e-06 
 2.61907824e-01  0.00000000e+00  2.61907824e-01  1.80000000e+00  2.61907824e-01  1.80000000e+00  2.61907824e-01  1.80000000e+00  2.61907824e-01  0.00000000e+00  2.61907824e-01  1.80000000e+00  2.61907824e-01  1.80000000e+00  2.61907824e-01  2.76716893e-01  2.61907824e-01  1.07944373e-05  2.61907824e-01  9.43382124e-06 
 2.61904788e-01  1.80000000e+00  2.61904788e-01  1.80000000e+00  2.61904788e-01  1.80000000e+00  2.61904788e-01  1.80000000e+00  2.61904788e-01  0.00000000e+00  2.61904788e-01  1.80000000e+00  2.61904788e-01  1.80000000e+00  2.61904788e-01  2.76708483e-01  2.61904788e-01  1.07944378e-05  2.61904788e-01  9.51742093e-06 
 2.61910085e-01  0.00000000e+00  2.61910085e-01  0.00000000e+00  2.61910085e-01  0.00000000e+00  2.61910085e-01  0.00000000e+00  2.61910085e-01  1.80000000e+00  2.61910085e-01  1.80000000e+00  2.61910085e-01  1.80000000e+00  2.61910085e-01  2.76695584e-01  2.61910085e-01  1.07944383e-05  2.61910085e-01  9.37096895e-06 
 2.61900242e-01  1.80000000e+00  2.61900242e-01  0.00000000e+00  2.61900242e-01  0.00000000e+00  2.61900242e-01  0.00000000e+00  2.61900242e-01  1.80000000e+00  2.61900242e-01  1.80000000e+00  2.61900242e-01  1.80000000e+00  2.61900242e-01  2.76690479e-01  2.61900242e-01  1.07944386e-05  2.61900242e-01  9.64081403e-06 
 2.61898758e-01  0.00000000e+00  2.61898758e-01  1.80000000e+00  2.61898758e-01  0.00000000e+00  2.61898758e-01  0.00000000e+00  2.61898758e-01  1.80000000e+00  2.61898758e-01  1.80000000e+00  2.61898758e-01  1.80000000e+00  2.61898758e-01  2.76681555e-01  2.61898758e-01  1.07944391e-05  2.61898758e-01  9.68063616e-06 
 2.61893048e-01  1.80000000e+00  2.61893048e-01  1.80000000e+00  2.61893048e-01  0.00000000e+00  2.61893048e-01  0.00000000e+00  2.61893048e-01  1.80000000e+00  2.61893048e-01  1.80000000e+00  2.61893048e-01  1.80000000e+00  2.61893048e-01  2.76674671e-01  2.61893048e-01  1.07944394e-05  2.61893048e-01  9.83186223e-06 
 2.61895715e-01  0.00000000e+00  2.61895715e-01  0.00000000e+00  2.61895715e-01  1.80000000e+00  2.61895715e-01  0.00000000e+00  2.61895715e-01  1.80000000e+00  2.61895715e-01  1.80000000e+00  2.61895715e-01  1.80000000e+00  2.61895715e-01  2.76663739e-01  2.61895715e-01  1.07944399e-05  2.61895715e-01  9.76162450e-06 
 2.61887859e-01  1.80000000e+00  2.61887859e-01  0.00000000e+00  2.61887859e-01  1.80000000e+00  2.61887859e-01  0.00000000e+00  2.61887859e-01  1.80000000e+00  2.61887859e-01  1.80000000e+00  2.61887859e-01  1.80000000e+00  2.61887859e-01  2.76658088e-01  2.61887859e-01  1.07944402e-05  2.61887859e-01  9.96644878e-06 
 2.61888427e-01  0.00000000e+00  2.61888427e-01  1.80000000e+00  2.61888427e-01  1.80000000e+00  2.61888427e-01  0.00000000e+00  2.61888427e-01  1.80000000e+00  2.61888427e-01  1.80000000e+00  2.61888427e-01  1.80000000e+00  2.61888427e-01  2.76648316e-01  2.61888427e-01  1.07944406e-05  2.61888427e-01  9.95184873e-06 
 2.61884746e-01  1.80000000e+00  2.61884746e-01  1.80000000e+00  2.61884746e-01  1.80000000e+00  2.61884746e-01  0.00000000e+00  2.61884746e-01  1.80000000e+00  2.61884746e-01  1.80000000e+00  2.61884746e-01  1.80000000e+00  2.61884746e-01  2.76640705e-01  2.61884746e-01  1.07944410e-05  2.61884746e-01  1.00459439e-05 
 2.61889539e-01  0.00000000e+00  2.61889539e-01  0.00000000e+00  2.61889539e-01  0.00000000e+00  2.61889539e-01  1.80000000e+00  2.61889539e-01  1.80000000e+00  2.61889539e-01  1.80000000e+00  2.61889539e-01  1.80000000e+00  2.61889539e-01  2.76628584e-01  2.61889539e-01  1.07944416e-05  2.61889539e-01  9.92317650e-06 
 2.61880509e-01  1.80000000e+00  2.61880509e-01  0.00000000e+00  2.61880509e-01  0.00000000e+00  2.61880509e-01  1.80000000e+00  2.61880509e-01  1.80000000e+00  2.61880509e-01  1.80000000e+00  2.61880509e-01  1.80000000e+00  2.61880509e-01  2.76623960e-01  2.61880509e-01  1.07944419e-05  2.61880509e-01  1.01525997e-05 
 2.61879997e-01  0.00000000e+00  2.61879997e-01  1.80000000e+00  2.61879997e-01  0.00000000e+00  2.61879997e-01  1.80000000e+00  2.61879997e-01  1.80000000e+00  2.61879997e-01  1.80000000e+00  2.61879997e-01  1.80000000e+00  2.61879997e-01  2.76614859e-01  2.61879997e-01  1.07944423e-05  2.61879997e-01  1.01653891e-05 
 2.61875178e-01  1.80000000e+00  2.61875178e-01  1.80000000e+00  2.61875178e-01  0.00000000e+00  2.61875178e-01  1.80000000e+00  2.61875178e-01  1.80000000e+00  2.61875178e-01  1.80000000e+00  2.61875178e-01  1.80000000e+00  2.61875178e-01  2.76608117e-01  2.61875178e-01  1.07944426e-05  2.61875178e-01  1.02843617e-05 
 2.61878921e-01  0.00000000e+00  2.61878921e-01  0.00000000e+00  2.61878921e-01  1.80000000e+00  2.61878921e-01  1.80000000e+00  2.61878921e-01  1.80000000e+00  2.61878921e-01  1.80000000e+00  2.61878921e-01  1.80000000e+00  2.61878921e-01  2.76596620e-01  2.61878921e-01  1.07944431e-05  2.61878921e-01  1.01921335e-05 
 2.61871914e-01  1.80000000e+00  2.61871914e-01  0.00000000e+00  2.61871914e-01  1.80000000e+00  2.61871914e-01  1.80000000e+00  2.61871914e-01  1.80000000e+00  2.61871914e-01  1.80000000e+00  2.61871914e-01  1.80000000e+00  2.61871914e-01  2.76591262e-01  2.61871914e-01  1.07944434e-05  2.61871914e-01  1.03636727e-05 
 2.61873521e-01  0.00000000e+00  2.61873521e-01  1.80000000e+00  2.61873521e-01  1.80000000e+00  2.61873521e-01  1.80000000e+00  2.61873521e-01  1.80000000e+00  2.61873521e-01  1.80000000e+00  2.61873521e-01  1.80000000e+00  2.61873521e-01  2.76581046e-01  2.61873521e-01  1.07944439e-05  2.61873521e-01  1.03247521e-05 
 2.61870790e-01  1.80000000e+00  2.61870790e-01  1.80000000e+00  2.61870790e-01  1.80000000e+00  2.61870790e-01  1.80000000e+00  2.61870790e-01  1.80000000e+00  2.61870790e-01  1.80000000e+00  2.61870790e-01  1.80000000e+00  2.61870790e-01  2.76573338e-01  2.61870790e-01  1.07944443e-05  2.61870790e-01  1.03907758e-05 
