 net3            v(b0)           net3            v(b1)           net3            v(b2)           net3            v(b3)           net3            v(b4)           net3            v(b5)           net3            v(b6)           net3            v(net5)         net3            i(v_i_in)       net3            i(vi_out)      
 2.69773322e-01  0.00000000e+00  2.69773322e-01  0.00000000e+00  2.69773322e-01  0.00000000e+00  2.69773322e-01  0.00000000e+00  2.69773322e-01  0.00000000e+00  2.69773322e-01  0.00000000e+00  2.69773322e-01  0.00000000e+00  2.69773322e-01  2.85894433e-01  2.69773322e-01  1.08509888e-05  2.69773322e-01  3.99325017e-12 
 2.69775337e-01  1.80000000e+00  2.69775337e-01  0.00000000e+00  2.69775337e-01  0.00000000e+00  2.69775337e-01  0.00000000e+00  2.69775337e-01  0.00000000e+00  2.69775337e-01  0.00000000e+00  2.69775337e-01  0.00000000e+00  2.69775337e-01  2.85903032e-01  2.69775337e-01  1.08509883e-05  2.69775337e-01  3.79429821e-12 
 2.69773682e-01  0.00000000e+00  2.69773682e-01  1.80000000e+00  2.69773682e-01  0.00000000e+00  2.69773682e-01  0.00000000e+00  2.69773682e-01  0.00000000e+00  2.69773682e-01  0.00000000e+00  2.69773682e-01  0.00000000e+00  2.69773682e-01  2.85907970e-01  2.69773682e-01  1.08509881e-05  2.69773682e-01  3.92930133e-12 
 2.69773860e-01  1.80000000e+00  2.69773860e-01  1.80000000e+00  2.69773860e-01  0.00000000e+00  2.69773860e-01  0.00000000e+00  2.69773860e-01  0.00000000e+00  2.69773860e-01  0.00000000e+00  2.69773860e-01  0.00000000e+00  2.69773860e-01  2.85914721e-01  2.69773860e-01  1.08509878e-05  2.69773860e-01  3.90798505e-12 
 2.69770359e-01  0.00000000e+00  2.69770359e-01  0.00000000e+00  2.69770359e-01  1.80000000e+00  2.69770359e-01  0.00000000e+00  2.69770359e-01  0.00000000e+00  2.69770359e-01  0.00000000e+00  2.69770359e-01  0.00000000e+00  2.69770359e-01  2.85918124e-01  2.69770359e-01  1.08509876e-05  2.69770359e-01  1.05373488e-11 
 2.69771476e-01  1.80000000e+00  2.69771476e-01  0.00000000e+00  2.69771476e-01  1.80000000e+00  2.69771476e-01  0.00000000e+00  2.69771476e-01  0.00000000e+00  2.69771476e-01  0.00000000e+00  2.69771476e-01  0.00000000e+00  2.69771476e-01  2.85925803e-01  2.69771476e-01  1.08509872e-05  2.69771476e-01  4.92406116e-12 
 2.69768895e-01  0.00000000e+00  2.69768895e-01  1.80000000e+00  2.69768895e-01  1.80000000e+00  2.69768895e-01  0.00000000e+00  2.69768895e-01  0.00000000e+00  2.69768895e-01  0.00000000e+00  2.69768895e-01  0.00000000e+00  2.69768895e-01  2.85930140e-01  2.69768895e-01  1.08509870e-05  2.69768895e-01  3.98148146e-08 
 2.69768170e-01  1.80000000e+00  2.69768170e-01  1.80000000e+00  2.69768170e-01  1.80000000e+00  2.69768170e-01  0.00000000e+00  2.69768170e-01  0.00000000e+00  2.69768170e-01  0.00000000e+00  2.69768170e-01  0.00000000e+00  2.69768170e-01  2.85936195e-01  2.69768170e-01  1.08509867e-05  2.69768170e-01  7.99803885e-08 
 2.69763647e-01  0.00000000e+00  2.69763647e-01  0.00000000e+00  2.69763647e-01  0.00000000e+00  2.69763647e-01  1.80000000e+00  2.69763647e-01  0.00000000e+00  2.69763647e-01  0.00000000e+00  2.69763647e-01  0.00000000e+00  2.69763647e-01  2.85939157e-01  2.69763647e-01  1.08509866e-05  2.69763647e-01  3.26040379e-07 
 2.69765306e-01  1.80000000e+00  2.69765306e-01  0.00000000e+00  2.69765306e-01  0.00000000e+00  2.69765306e-01  1.80000000e+00  2.69765306e-01  0.00000000e+00  2.69765306e-01  0.00000000e+00  2.69765306e-01  0.00000000e+00  2.69765306e-01  2.85947332e-01  2.69765306e-01  1.08509862e-05  2.69765306e-01  2.36752726e-07 
 2.69763162e-01  0.00000000e+00  2.69763162e-01  1.80000000e+00  2.69763162e-01  0.00000000e+00  2.69763162e-01  1.80000000e+00  2.69763162e-01  0.00000000e+00  2.69763162e-01  0.00000000e+00  2.69763162e-01  0.00000000e+00  2.69763162e-01  2.85952357e-01  2.69763162e-01  1.08509859e-05  2.69763162e-01  3.52012904e-07 
 2.69762925e-01  1.80000000e+00  2.69762925e-01  1.80000000e+00  2.69762925e-01  0.00000000e+00  2.69762925e-01  1.80000000e+00  2.69762925e-01  0.00000000e+00  2.69762925e-01  0.00000000e+00  2.69762925e-01  0.00000000e+00  2.69762925e-01  2.85958972e-01  2.69762925e-01  1.08509857e-05  2.69762925e-01  3.64708065e-07 
 2.69758833e-01  0.00000000e+00  2.69758833e-01  0.00000000e+00  2.69758833e-01  1.80000000e+00  2.69758833e-01  1.80000000e+00  2.69758833e-01  0.00000000e+00  2.69758833e-01  0.00000000e+00  2.69758833e-01  0.00000000e+00  2.69758833e-01  2.85962722e-01  2.69758833e-01  1.08509854e-05  2.69758833e-01  5.81075597e-07 
 2.69759578e-01  1.80000000e+00  2.69759578e-01  0.00000000e+00  2.69759578e-01  1.80000000e+00  2.69759578e-01  1.80000000e+00  2.69759578e-01  0.00000000e+00  2.69759578e-01  0.00000000e+00  2.69759578e-01  0.00000000e+00  2.69759578e-01  2.85970181e-01  2.69759578e-01  1.08509850e-05  2.69759578e-01  5.41961334e-07 
 2.69756432e-01  0.00000000e+00  2.69756432e-01  1.80000000e+00  2.69756432e-01  1.80000000e+00  2.69756432e-01  1.80000000e+00  2.69756432e-01  0.00000000e+00  2.69756432e-01  0.00000000e+00  2.69756432e-01  0.00000000e+00  2.69756432e-01  2.85974757e-01  2.69756432e-01  1.08509849e-05  2.69756432e-01  7.06444887e-07 
 2.69755235e-01  1.80000000e+00  2.69755235e-01  1.80000000e+00  2.69755235e-01  1.80000000e+00  2.69755235e-01  1.80000000e+00  2.69755235e-01  0.00000000e+00  2.69755235e-01  0.00000000e+00  2.69755235e-01  0.00000000e+00  2.69755235e-01  2.85980843e-01  2.69755235e-01  1.08509845e-05  2.69755235e-01  7.68517928e-07 
 2.69750048e-01  0.00000000e+00  2.69750048e-01  0.00000000e+00  2.69750048e-01  0.00000000e+00  2.69750048e-01  0.00000000e+00  2.69750048e-01  1.80000000e+00  2.69750048e-01  0.00000000e+00  2.69750048e-01  0.00000000e+00  2.69750048e-01  2.85984968e-01  2.69750048e-01  1.08509844e-05  2.69750048e-01  1.03489027e-06 
 2.69752122e-01  1.80000000e+00  2.69752122e-01  0.00000000e+00  2.69752122e-01  0.00000000e+00  2.69752122e-01  0.00000000e+00  2.69752122e-01  1.80000000e+00  2.69752122e-01  0.00000000e+00  2.69752122e-01  0.00000000e+00  2.69752122e-01  2.85993453e-01  2.69752122e-01  1.08509839e-05  2.69752122e-01  9.28889563e-07 
 2.69750166e-01  0.00000000e+00  2.69750166e-01  1.80000000e+00  2.69750166e-01  0.00000000e+00  2.69750166e-01  0.00000000e+00  2.69750166e-01  1.80000000e+00  2.69750166e-01  0.00000000e+00  2.69750166e-01  0.00000000e+00  2.69750166e-01  2.85999194e-01  2.69750166e-01  1.08509837e-05  2.69750166e-01  1.02888936e-06 
 2.69750226e-01  1.80000000e+00  2.69750226e-01  1.80000000e+00  2.69750226e-01  0.00000000e+00  2.69750226e-01  0.00000000e+00  2.69750226e-01  1.80000000e+00  2.69750226e-01  0.00000000e+00  2.69750226e-01  0.00000000e+00  2.69750226e-01  2.86006300e-01  2.69750226e-01  1.08509833e-05  2.69750226e-01  1.02583395e-06 
 2.69746227e-01  0.00000000e+00  2.69746227e-01  0.00000000e+00  2.69746227e-01  1.80000000e+00  2.69746227e-01  0.00000000e+00  2.69746227e-01  1.80000000e+00  2.69746227e-01  0.00000000e+00  2.69746227e-01  0.00000000e+00  2.69746227e-01  2.86010966e-01  2.69746227e-01  1.08509831e-05  2.69746227e-01  1.22863215e-06 
 2.69747322e-01  1.80000000e+00  2.69747322e-01  0.00000000e+00  2.69747322e-01  1.80000000e+00  2.69747322e-01  0.00000000e+00  2.69747322e-01  1.80000000e+00  2.69747322e-01  0.00000000e+00  2.69747322e-01  0.00000000e+00  2.69747322e-01  2.86018784e-01  2.69747322e-01  1.08509827e-05  2.69747322e-01  1.17329150e-06 
 2.69744329e-01  0.00000000e+00  2.69744329e-01  1.80000000e+00  2.69744329e-01  1.80000000e+00  2.69744329e-01  0.00000000e+00  2.69744329e-01  1.80000000e+00  2.69744329e-01  0.00000000e+00  2.69744329e-01  0.00000000e+00  2.69744329e-01  2.86024156e-01  2.69744329e-01  1.08509824e-05  2.69744329e-01  1.32411726e-06 
 2.69743386e-01  1.80000000e+00  2.69743386e-01  1.80000000e+00  2.69743386e-01  1.80000000e+00  2.69743386e-01  0.00000000e+00  2.69743386e-01  1.80000000e+00  2.69743386e-01  0.00000000e+00  2.69743386e-01  0.00000000e+00  2.69743386e-01  2.86030804e-01  2.69743386e-01  1.08509822e-05  2.69743386e-01  1.37137788e-06 
 2.69738224e-01  0.00000000e+00  2.69738224e-01  0.00000000e+00  2.69738224e-01  0.00000000e+00  2.69738224e-01  1.80000000e+00  2.69738224e-01  1.80000000e+00  2.69738224e-01  0.00000000e+00  2.69738224e-01  0.00000000e+00  2.69738224e-01  2.86035261e-01  2.69738224e-01  1.08509819e-05  2.69738224e-01  1.62811845e-06 
 2.69739921e-01  1.80000000e+00  2.69739921e-01  0.00000000e+00  2.69739921e-01  0.00000000e+00  2.69739921e-01  1.80000000e+00  2.69739921e-01  1.80000000e+00  2.69739921e-01  0.00000000e+00  2.69739921e-01  0.00000000e+00  2.69739921e-01  2.86043479e-01  2.69739921e-01  1.08509815e-05  2.69739921e-01  1.54410018e-06 
 2.69737392e-01  0.00000000e+00  2.69737392e-01  1.80000000e+00  2.69737392e-01  0.00000000e+00  2.69737392e-01  1.80000000e+00  2.69737392e-01  1.80000000e+00  2.69737392e-01  0.00000000e+00  2.69737392e-01  0.00000000e+00  2.69737392e-01  2.86049439e-01  2.69737392e-01  1.08509813e-05  2.69737392e-01  1.66920700e-06 
 2.69736982e-01  1.80000000e+00  2.69736982e-01  1.80000000e+00  2.69736982e-01  0.00000000e+00  2.69736982e-01  1.80000000e+00  2.69736982e-01  1.80000000e+00  2.69736982e-01  0.00000000e+00  2.69736982e-01  0.00000000e+00  2.69736982e-01  2.86056549e-01  2.69736982e-01  1.08509808e-05  2.69736982e-01  1.68941642e-06 
 2.69732267e-01  0.00000000e+00  2.69732267e-01  0.00000000e+00  2.69732267e-01  1.80000000e+00  2.69732267e-01  1.80000000e+00  2.69732267e-01  1.80000000e+00  2.69732267e-01  0.00000000e+00  2.69732267e-01  0.00000000e+00  2.69732267e-01  2.86061689e-01  2.69732267e-01  1.08509806e-05  2.69732267e-01  1.92045431e-06 
 2.69732950e-01  1.80000000e+00  2.69732950e-01  0.00000000e+00  2.69732950e-01  1.80000000e+00  2.69732950e-01  1.80000000e+00  2.69732950e-01  1.80000000e+00  2.69732950e-01  0.00000000e+00  2.69732950e-01  0.00000000e+00  2.69732950e-01  2.86069433e-01  2.69732950e-01  1.08509802e-05  2.69732950e-01  1.88714172e-06 
 2.69729278e-01  0.00000000e+00  2.69729278e-01  1.80000000e+00  2.69729278e-01  1.80000000e+00  2.69729278e-01  1.80000000e+00  2.69729278e-01  1.80000000e+00  2.69729278e-01  0.00000000e+00  2.69729278e-01  0.00000000e+00  2.69729278e-01  2.86075176e-01  2.69729278e-01  1.08509800e-05  2.69729278e-01  2.06560829e-06 
 2.69727784e-01  1.80000000e+00  2.69727784e-01  1.80000000e+00  2.69727784e-01  1.80000000e+00  2.69727784e-01  1.80000000e+00  2.69727784e-01  1.80000000e+00  2.69727784e-01  0.00000000e+00  2.69727784e-01  0.00000000e+00  2.69727784e-01  2.86081994e-01  2.69727784e-01  1.08509796e-05  2.69727784e-01  2.13778903e-06 
 2.69721737e-01  0.00000000e+00  2.69721737e-01  0.00000000e+00  2.69721737e-01  0.00000000e+00  2.69721737e-01  0.00000000e+00  2.69721737e-01  0.00000000e+00  2.69721737e-01  1.80000000e+00  2.69721737e-01  0.00000000e+00  2.69721737e-01  2.86084067e-01  2.69721737e-01  1.08509795e-05  2.69721737e-01  2.42737812e-06 
 2.69724337e-01  1.80000000e+00  2.69724337e-01  0.00000000e+00  2.69724337e-01  0.00000000e+00  2.69724337e-01  0.00000000e+00  2.69724337e-01  0.00000000e+00  2.69724337e-01  1.80000000e+00  2.69724337e-01  0.00000000e+00  2.69724337e-01  2.86092738e-01  2.69724337e-01  1.08509791e-05  2.69724337e-01  2.30337714e-06 
 2.69722408e-01  0.00000000e+00  2.69722408e-01  1.80000000e+00  2.69722408e-01  0.00000000e+00  2.69722408e-01  0.00000000e+00  2.69722408e-01  0.00000000e+00  2.69722408e-01  1.80000000e+00  2.69722408e-01  0.00000000e+00  2.69722408e-01  2.86099541e-01  2.69722408e-01  1.08509788e-05  2.69722408e-01  2.39544128e-06 
 2.69722741e-01  1.80000000e+00  2.69722741e-01  1.80000000e+00  2.69722741e-01  0.00000000e+00  2.69722741e-01  0.00000000e+00  2.69722741e-01  0.00000000e+00  2.69722741e-01  1.80000000e+00  2.69722741e-01  0.00000000e+00  2.69722741e-01  2.86107254e-01  2.69722741e-01  1.08509784e-05  2.69722741e-01  2.37961292e-06 
 2.69718528e-01  0.00000000e+00  2.69718528e-01  0.00000000e+00  2.69718528e-01  1.80000000e+00  2.69718528e-01  0.00000000e+00  2.69718528e-01  0.00000000e+00  2.69718528e-01  1.80000000e+00  2.69718528e-01  0.00000000e+00  2.69718528e-01  2.86113419e-01  2.69718528e-01  1.08509781e-05  2.69718528e-01  2.57945111e-06 
 2.69720019e-01  1.80000000e+00  2.69720019e-01  0.00000000e+00  2.69720019e-01  1.80000000e+00  2.69720019e-01  0.00000000e+00  2.69720019e-01  0.00000000e+00  2.69720019e-01  1.80000000e+00  2.69720019e-01  0.00000000e+00  2.69720019e-01  2.86121599e-01  2.69720019e-01  1.08509777e-05  2.69720019e-01  2.50896516e-06 
 2.69716937e-01  0.00000000e+00  2.69716937e-01  1.80000000e+00  2.69716937e-01  1.80000000e+00  2.69716937e-01  0.00000000e+00  2.69716937e-01  0.00000000e+00  2.69716937e-01  1.80000000e+00  2.69716937e-01  0.00000000e+00  2.69716937e-01  2.86128236e-01  2.69716937e-01  1.08509774e-05  2.69716937e-01  2.65444750e-06 
 2.69716148e-01  1.80000000e+00  2.69716148e-01  1.80000000e+00  2.69716148e-01  1.80000000e+00  2.69716148e-01  0.00000000e+00  2.69716148e-01  0.00000000e+00  2.69716148e-01  1.80000000e+00  2.69716148e-01  0.00000000e+00  2.69716148e-01  2.86135684e-01  2.69716148e-01  1.08509770e-05  2.69716148e-01  2.69154218e-06 
 2.69710659e-01  0.00000000e+00  2.69710659e-01  0.00000000e+00  2.69710659e-01  0.00000000e+00  2.69710659e-01  1.80000000e+00  2.69710659e-01  0.00000000e+00  2.69710659e-01  1.80000000e+00  2.69710659e-01  0.00000000e+00  2.69710659e-01  2.86141878e-01  2.69710659e-01  1.08509767e-05  2.69710659e-01  2.94769414e-06 
 2.69712815e-01  1.80000000e+00  2.69712815e-01  0.00000000e+00  2.69712815e-01  0.00000000e+00  2.69712815e-01  1.80000000e+00  2.69712815e-01  0.00000000e+00  2.69712815e-01  1.80000000e+00  2.69712815e-01  0.00000000e+00  2.69712815e-01  2.86150295e-01  2.69712815e-01  1.08509764e-05  2.69712815e-01  2.84751300e-06 
 2.69710263e-01  0.00000000e+00  2.69710263e-01  1.80000000e+00  2.69710263e-01  0.00000000e+00  2.69710263e-01  1.80000000e+00  2.69710263e-01  0.00000000e+00  2.69710263e-01  1.80000000e+00  2.69710263e-01  0.00000000e+00  2.69710263e-01  2.86157388e-01  2.69710263e-01  1.08509760e-05  2.69710263e-01  2.96607585e-06 
 2.69710070e-01  1.80000000e+00  2.69710070e-01  1.80000000e+00  2.69710070e-01  0.00000000e+00  2.69710070e-01  1.80000000e+00  2.69710070e-01  0.00000000e+00  2.69710070e-01  1.80000000e+00  2.69710070e-01  0.00000000e+00  2.69710070e-01  2.86165149e-01  2.69710070e-01  1.08509757e-05  2.69710070e-01  2.97505254e-06 
 2.69705097e-01  0.00000000e+00  2.69705097e-01  0.00000000e+00  2.69705097e-01  1.80000000e+00  2.69705097e-01  1.80000000e+00  2.69705097e-01  0.00000000e+00  2.69705097e-01  1.80000000e+00  2.69705097e-01  0.00000000e+00  2.69705097e-01  2.86171894e-01  2.69705097e-01  1.08509753e-05  2.69705097e-01  3.20407325e-06 
 2.69706119e-01  1.80000000e+00  2.69706119e-01  0.00000000e+00  2.69706119e-01  1.80000000e+00  2.69706119e-01  1.80000000e+00  2.69706119e-01  0.00000000e+00  2.69706119e-01  1.80000000e+00  2.69706119e-01  0.00000000e+00  2.69706119e-01  2.86180032e-01  2.69706119e-01  1.08509749e-05  2.69706119e-01  3.15724087e-06 
 2.69702311e-01  0.00000000e+00  2.69702311e-01  1.80000000e+00  2.69702311e-01  1.80000000e+00  2.69702311e-01  1.80000000e+00  2.69702311e-01  0.00000000e+00  2.69702311e-01  1.80000000e+00  2.69702311e-01  0.00000000e+00  2.69702311e-01  2.86187137e-01  2.69702311e-01  1.08509746e-05  2.69702311e-01  3.33129042e-06 
 2.69700920e-01  1.80000000e+00  2.69700920e-01  1.80000000e+00  2.69700920e-01  1.80000000e+00  2.69700920e-01  1.80000000e+00  2.69700920e-01  0.00000000e+00  2.69700920e-01  1.80000000e+00  2.69700920e-01  0.00000000e+00  2.69700920e-01  2.86194821e-01  2.69700920e-01  1.08509742e-05  2.69700920e-01  3.39450337e-06 
 2.69694552e-01  0.00000000e+00  2.69694552e-01  0.00000000e+00  2.69694552e-01  0.00000000e+00  2.69694552e-01  0.00000000e+00  2.69694552e-01  1.80000000e+00  2.69694552e-01  1.80000000e+00  2.69694552e-01  0.00000000e+00  2.69694552e-01  2.86202433e-01  2.69694552e-01  1.08509738e-05  2.69694552e-01  3.68126852e-06 
 2.69697224e-01  1.80000000e+00  2.69697224e-01  0.00000000e+00  2.69697224e-01  0.00000000e+00  2.69697224e-01  0.00000000e+00  2.69697224e-01  1.80000000e+00  2.69697224e-01  1.80000000e+00  2.69697224e-01  0.00000000e+00  2.69697224e-01  2.86210982e-01  2.69697224e-01  1.08509734e-05  2.69697224e-01  3.56146179e-06 
 2.69694881e-01  0.00000000e+00  2.69694881e-01  1.80000000e+00  2.69694881e-01  0.00000000e+00  2.69694881e-01  0.00000000e+00  2.69694881e-01  1.80000000e+00  2.69694881e-01  1.80000000e+00  2.69694881e-01  0.00000000e+00  2.69694881e-01  2.86218673e-01  2.69694881e-01  1.08509730e-05  2.69694881e-01  3.66658365e-06 
 2.69695046e-01  1.80000000e+00  2.69695046e-01  1.80000000e+00  2.69695046e-01  0.00000000e+00  2.69695046e-01  0.00000000e+00  2.69695046e-01  1.80000000e+00  2.69695046e-01  1.80000000e+00  2.69695046e-01  0.00000000e+00  2.69695046e-01  2.86226780e-01  2.69695046e-01  1.08509726e-05  2.69695046e-01  3.65922867e-06 
 2.69690150e-01  0.00000000e+00  2.69690150e-01  0.00000000e+00  2.69690150e-01  1.80000000e+00  2.69690150e-01  0.00000000e+00  2.69690150e-01  1.80000000e+00  2.69690150e-01  1.80000000e+00  2.69690150e-01  0.00000000e+00  2.69690150e-01  2.86234354e-01  2.69690150e-01  1.08509723e-05  2.69690150e-01  3.87715367e-06 
 2.69691603e-01  1.80000000e+00  2.69691603e-01  0.00000000e+00  2.69691603e-01  1.80000000e+00  2.69691603e-01  0.00000000e+00  2.69691603e-01  1.80000000e+00  2.69691603e-01  1.80000000e+00  2.69691603e-01  0.00000000e+00  2.69691603e-01  2.86242689e-01  2.69691603e-01  1.08509719e-05  2.69691603e-01  3.81271072e-06 
 2.69687954e-01  0.00000000e+00  2.69687954e-01  1.80000000e+00  2.69687954e-01  1.80000000e+00  2.69687954e-01  0.00000000e+00  2.69687954e-01  1.80000000e+00  2.69687954e-01  1.80000000e+00  2.69687954e-01  0.00000000e+00  2.69687954e-01  2.86250490e-01  2.69687954e-01  1.08509715e-05  2.69687954e-01  3.97407557e-06 
 2.69686861e-01  1.80000000e+00  2.69686861e-01  1.80000000e+00  2.69686861e-01  1.80000000e+00  2.69686861e-01  0.00000000e+00  2.69686861e-01  1.80000000e+00  2.69686861e-01  1.80000000e+00  2.69686861e-01  0.00000000e+00  2.69686861e-01  2.86258606e-01  2.69686861e-01  1.08509710e-05  2.69686861e-01  4.02212983e-06 
 2.69680488e-01  0.00000000e+00  2.69680488e-01  0.00000000e+00  2.69680488e-01  0.00000000e+00  2.69680488e-01  1.80000000e+00  2.69680488e-01  1.80000000e+00  2.69680488e-01  1.80000000e+00  2.69680488e-01  0.00000000e+00  2.69680488e-01  2.86266496e-01  2.69680488e-01  1.08509706e-05  2.69680488e-01  4.29989958e-06 
 2.69682694e-01  1.80000000e+00  2.69682694e-01  0.00000000e+00  2.69682694e-01  0.00000000e+00  2.69682694e-01  1.80000000e+00  2.69682694e-01  1.80000000e+00  2.69682694e-01  1.80000000e+00  2.69682694e-01  0.00000000e+00  2.69682694e-01  2.86274965e-01  2.69682694e-01  1.08509702e-05  2.69682694e-01  4.20421848e-06 
 2.69679609e-01  0.00000000e+00  2.69679609e-01  1.80000000e+00  2.69679609e-01  0.00000000e+00  2.69679609e-01  1.80000000e+00  2.69679609e-01  1.80000000e+00  2.69679609e-01  1.80000000e+00  2.69679609e-01  0.00000000e+00  2.69679609e-01  2.86283126e-01  2.69679609e-01  1.08509699e-05  2.69679609e-01  4.33792350e-06 
 2.69679175e-01  1.80000000e+00  2.69679175e-01  1.80000000e+00  2.69679175e-01  0.00000000e+00  2.69679175e-01  1.80000000e+00  2.69679175e-01  1.80000000e+00  2.69679175e-01  1.80000000e+00  2.69679175e-01  0.00000000e+00  2.69679175e-01  2.86291458e-01  2.69679175e-01  1.08509695e-05  2.69679175e-01  4.35663839e-06 
 2.69673335e-01  0.00000000e+00  2.69673335e-01  0.00000000e+00  2.69673335e-01  1.80000000e+00  2.69673335e-01  1.80000000e+00  2.69673335e-01  1.80000000e+00  2.69673335e-01  1.80000000e+00  2.69673335e-01  0.00000000e+00  2.69673335e-01  2.86299806e-01  2.69673335e-01  1.08509690e-05  2.69673335e-01  4.60677072e-06 
 2.69674271e-01  1.80000000e+00  2.69674271e-01  0.00000000e+00  2.69674271e-01  1.80000000e+00  2.69674271e-01  1.80000000e+00  2.69674271e-01  1.80000000e+00  2.69674271e-01  1.80000000e+00  2.69674271e-01  0.00000000e+00  2.69674271e-01  2.86308275e-01  2.69674271e-01  1.08509687e-05  2.69674271e-01  4.56691721e-06 
 2.69669729e-01  0.00000000e+00  2.69669729e-01  1.80000000e+00  2.69669729e-01  1.80000000e+00  2.69669729e-01  1.80000000e+00  2.69669729e-01  1.80000000e+00  2.69669729e-01  1.80000000e+00  2.69669729e-01  0.00000000e+00  2.69669729e-01  2.86316737e-01  2.69669729e-01  1.08509682e-05  2.69669729e-01  4.75948563e-06 
 2.69667922e-01  1.80000000e+00  2.69667922e-01  1.80000000e+00  2.69667922e-01  1.80000000e+00  2.69667922e-01  1.80000000e+00  2.69667922e-01  1.80000000e+00  2.69667922e-01  1.80000000e+00  2.69667922e-01  0.00000000e+00  2.69667922e-01  2.86325277e-01  2.69667922e-01  1.08509679e-05  2.69667922e-01  4.83550046e-06 
 2.69660390e-01  0.00000000e+00  2.69660390e-01  0.00000000e+00  2.69660390e-01  0.00000000e+00  2.69660390e-01  0.00000000e+00  2.69660390e-01  0.00000000e+00  2.69660390e-01  0.00000000e+00  2.69660390e-01  1.80000000e+00  2.69660390e-01  2.86341200e-01  2.69660390e-01  1.08509671e-05  2.69660390e-01  5.14873174e-06 
 2.69664010e-01  1.80000000e+00  2.69664010e-01  0.00000000e+00  2.69664010e-01  0.00000000e+00  2.69664010e-01  0.00000000e+00  2.69664010e-01  0.00000000e+00  2.69664010e-01  0.00000000e+00  2.69664010e-01  1.80000000e+00  2.69664010e-01  2.86349744e-01  2.69664010e-01  1.08509667e-05  2.69664010e-01  4.99893242e-06 
 2.69661911e-01  0.00000000e+00  2.69661911e-01  1.80000000e+00  2.69661911e-01  0.00000000e+00  2.69661911e-01  0.00000000e+00  2.69661911e-01  0.00000000e+00  2.69661911e-01  0.00000000e+00  2.69661911e-01  1.80000000e+00  2.69661911e-01  2.86358458e-01  2.69661911e-01  1.08509662e-05  2.69661911e-01  5.08593507e-06 
 2.69662661e-01  1.80000000e+00  2.69662661e-01  1.80000000e+00  2.69662661e-01  0.00000000e+00  2.69662661e-01  0.00000000e+00  2.69662661e-01  0.00000000e+00  2.69662661e-01  0.00000000e+00  2.69662661e-01  1.80000000e+00  2.69662661e-01  2.86367043e-01  2.69662661e-01  1.08509657e-05  2.69662661e-01  5.05489037e-06 
 2.69657687e-01  0.00000000e+00  2.69657687e-01  0.00000000e+00  2.69657687e-01  1.80000000e+00  2.69657687e-01  0.00000000e+00  2.69657687e-01  0.00000000e+00  2.69657687e-01  0.00000000e+00  2.69657687e-01  1.80000000e+00  2.69657687e-01  2.86376149e-01  2.69657687e-01  1.08509654e-05  2.69657687e-01  5.25970317e-06 
 2.69659894e-01  1.80000000e+00  2.69659894e-01  0.00000000e+00  2.69659894e-01  1.80000000e+00  2.69659894e-01  0.00000000e+00  2.69659894e-01  0.00000000e+00  2.69659894e-01  0.00000000e+00  2.69659894e-01  1.80000000e+00  2.69659894e-01  2.86384661e-01  2.69659894e-01  1.08509649e-05  2.69659894e-01  5.16912522e-06 
 2.69656347e-01  0.00000000e+00  2.69656347e-01  1.80000000e+00  2.69656347e-01  1.80000000e+00  2.69656347e-01  0.00000000e+00  2.69656347e-01  0.00000000e+00  2.69656347e-01  0.00000000e+00  2.69656347e-01  1.80000000e+00  2.69656347e-01  2.86393716e-01  2.69656347e-01  1.08509645e-05  2.69656347e-01  5.31445684e-06 
 2.69655683e-01  1.80000000e+00  2.69655683e-01  1.80000000e+00  2.69655683e-01  1.80000000e+00  2.69655683e-01  0.00000000e+00  2.69655683e-01  0.00000000e+00  2.69655683e-01  0.00000000e+00  2.69655683e-01  1.80000000e+00  2.69655683e-01  2.86402524e-01  2.69655683e-01  1.08509641e-05  2.69655683e-01  5.34150168e-06 
 2.69649110e-01  0.00000000e+00  2.69649110e-01  0.00000000e+00  2.69649110e-01  0.00000000e+00  2.69649110e-01  1.80000000e+00  2.69649110e-01  0.00000000e+00  2.69649110e-01  0.00000000e+00  2.69649110e-01  1.80000000e+00  2.69649110e-01  2.86412226e-01  2.69649110e-01  1.08509636e-05  2.69649110e-01  5.60688316e-06 
 2.69652151e-01  1.80000000e+00  2.69652151e-01  0.00000000e+00  2.69652151e-01  0.00000000e+00  2.69652151e-01  1.80000000e+00  2.69652151e-01  0.00000000e+00  2.69652151e-01  0.00000000e+00  2.69652151e-01  1.80000000e+00  2.69652151e-01  2.86420652e-01  2.69652151e-01  1.08509631e-05  2.69652151e-01  5.48463573e-06 
 2.69649273e-01  0.00000000e+00  2.69649273e-01  1.80000000e+00  2.69649273e-01  0.00000000e+00  2.69649273e-01  1.80000000e+00  2.69649273e-01  0.00000000e+00  2.69649273e-01  0.00000000e+00  2.69649273e-01  1.80000000e+00  2.69649273e-01  2.86429896e-01  2.69649273e-01  1.08509627e-05  2.69649273e-01  5.60034319e-06 
 2.69649357e-01  1.80000000e+00  2.69649357e-01  1.80000000e+00  2.69649357e-01  0.00000000e+00  2.69649357e-01  1.80000000e+00  2.69649357e-01  0.00000000e+00  2.69649357e-01  0.00000000e+00  2.69649357e-01  1.80000000e+00  2.69649357e-01  2.86438721e-01  2.69649357e-01  1.08509623e-05  2.69649357e-01  5.59699573e-06 
 2.69643438e-01  0.00000000e+00  2.69643438e-01  0.00000000e+00  2.69643438e-01  1.80000000e+00  2.69643438e-01  1.80000000e+00  2.69643438e-01  0.00000000e+00  2.69643438e-01  0.00000000e+00  2.69643438e-01  1.80000000e+00  2.69643438e-01  2.86448717e-01  2.69643438e-01  1.08509618e-05  2.69643438e-01  5.83228463e-06 
 2.69645050e-01  1.80000000e+00  2.69645050e-01  0.00000000e+00  2.69645050e-01  1.80000000e+00  2.69645050e-01  1.80000000e+00  2.69645050e-01  0.00000000e+00  2.69645050e-01  0.00000000e+00  2.69645050e-01  1.80000000e+00  2.69645050e-01  2.86457355e-01  2.69645050e-01  1.08509614e-05  2.69645050e-01  5.76856080e-06 
 2.69640595e-01  0.00000000e+00  2.69640595e-01  1.80000000e+00  2.69640595e-01  1.80000000e+00  2.69640595e-01  1.80000000e+00  2.69640595e-01  0.00000000e+00  2.69640595e-01  0.00000000e+00  2.69640595e-01  1.80000000e+00  2.69640595e-01  2.86467167e-01  2.69640595e-01  1.08509609e-05  2.69640595e-01  5.94400066e-06 
 2.69639176e-01  1.80000000e+00  2.69639176e-01  1.80000000e+00  2.69639176e-01  1.80000000e+00  2.69639176e-01  1.80000000e+00  2.69639176e-01  0.00000000e+00  2.69639176e-01  0.00000000e+00  2.69639176e-01  1.80000000e+00  2.69639176e-01  2.86476445e-01  2.69639176e-01  1.08509604e-05  2.69639176e-01  5.99945258e-06 
 2.69631498e-01  0.00000000e+00  2.69631498e-01  0.00000000e+00  2.69631498e-01  0.00000000e+00  2.69631498e-01  0.00000000e+00  2.69631498e-01  1.80000000e+00  2.69631498e-01  0.00000000e+00  2.69631498e-01  1.80000000e+00  2.69631498e-01  2.86487881e-01  2.69631498e-01  1.08509599e-05  2.69631498e-01  6.29589550e-06 
 2.69635191e-01  1.80000000e+00  2.69635191e-01  0.00000000e+00  2.69635191e-01  0.00000000e+00  2.69635191e-01  0.00000000e+00  2.69635191e-01  1.80000000e+00  2.69635191e-01  0.00000000e+00  2.69635191e-01  1.80000000e+00  2.69635191e-01  2.86496169e-01  2.69635191e-01  1.08509595e-05  2.69635191e-01  6.15408959e-06 
 2.69632577e-01  0.00000000e+00  2.69632577e-01  1.80000000e+00  2.69632577e-01  0.00000000e+00  2.69632577e-01  0.00000000e+00  2.69632577e-01  1.80000000e+00  2.69632577e-01  0.00000000e+00  2.69632577e-01  1.80000000e+00  2.69632577e-01  2.86505876e-01  2.69632577e-01  1.08509591e-05  2.69632577e-01  6.25461043e-06 
 2.69633111e-01  1.80000000e+00  2.69633111e-01  1.80000000e+00  2.69633111e-01  0.00000000e+00  2.69633111e-01  0.00000000e+00  2.69633111e-01  1.80000000e+00  2.69633111e-01  0.00000000e+00  2.69633111e-01  1.80000000e+00  2.69633111e-01  2.86514843e-01  2.69633111e-01  1.08509586e-05  2.69633111e-01  6.23411843e-06 
 2.69627292e-01  0.00000000e+00  2.69627292e-01  0.00000000e+00  2.69627292e-01  1.80000000e+00  2.69627292e-01  0.00000000e+00  2.69627292e-01  1.80000000e+00  2.69627292e-01  0.00000000e+00  2.69627292e-01  1.80000000e+00  2.69627292e-01  2.86525593e-01  2.69627292e-01  1.08509581e-05  2.69627292e-01  6.45565246e-06 
 2.69629446e-01  1.80000000e+00  2.69629446e-01  0.00000000e+00  2.69629446e-01  1.80000000e+00  2.69629446e-01  0.00000000e+00  2.69629446e-01  1.80000000e+00  2.69629446e-01  0.00000000e+00  2.69629446e-01  1.80000000e+00  2.69629446e-01  2.86534190e-01  2.69629446e-01  1.08509576e-05  2.69629446e-01  6.37403471e-06 
 2.69625195e-01  0.00000000e+00  2.69625195e-01  1.80000000e+00  2.69625195e-01  1.80000000e+00  2.69625195e-01  0.00000000e+00  2.69625195e-01  1.80000000e+00  2.69625195e-01  0.00000000e+00  2.69625195e-01  1.80000000e+00  2.69625195e-01  2.86544590e-01  2.69625195e-01  1.08509571e-05  2.69625195e-01  6.53462367e-06 
 2.69624152e-01  1.80000000e+00  2.69624152e-01  1.80000000e+00  2.69624152e-01  1.80000000e+00  2.69624152e-01  0.00000000e+00  2.69624152e-01  1.80000000e+00  2.69624152e-01  0.00000000e+00  2.69624152e-01  1.80000000e+00  2.69624152e-01  2.86554126e-01  2.69624152e-01  1.08509567e-05  2.69624152e-01  6.57372745e-06 
 2.69616478e-01  0.00000000e+00  2.69616478e-01  0.00000000e+00  2.69616478e-01  0.00000000e+00  2.69616478e-01  1.80000000e+00  2.69616478e-01  1.80000000e+00  2.69616478e-01  0.00000000e+00  2.69616478e-01  1.80000000e+00  2.69616478e-01  2.86565854e-01  2.69616478e-01  1.08509561e-05  2.69616478e-01  6.85797267e-06 
 2.69619584e-01  1.80000000e+00  2.69619584e-01  0.00000000e+00  2.69619584e-01  0.00000000e+00  2.69619584e-01  1.80000000e+00  2.69619584e-01  1.80000000e+00  2.69619584e-01  0.00000000e+00  2.69619584e-01  1.80000000e+00  2.69619584e-01  2.86574229e-01  2.69619584e-01  1.08509557e-05  2.69619584e-01  6.74366775e-06 
 2.69616039e-01  0.00000000e+00  2.69616039e-01  1.80000000e+00  2.69616039e-01  0.00000000e+00  2.69616039e-01  1.80000000e+00  2.69616039e-01  1.80000000e+00  2.69616039e-01  0.00000000e+00  2.69616039e-01  1.80000000e+00  2.69616039e-01  2.86584711e-01  2.69616039e-01  1.08509552e-05  2.69616039e-01  6.87403836e-06 
 2.69615825e-01  1.80000000e+00  2.69615825e-01  1.80000000e+00  2.69615825e-01  0.00000000e+00  2.69615825e-01  1.80000000e+00  2.69615825e-01  1.80000000e+00  2.69615825e-01  0.00000000e+00  2.69615825e-01  1.80000000e+00  2.69615825e-01  2.86594142e-01  2.69615825e-01  1.08509548e-05  2.69615825e-01  6.88187269e-06 
 2.69608818e-01  0.00000000e+00  2.69608818e-01  0.00000000e+00  2.69608818e-01  1.80000000e+00  2.69608818e-01  1.80000000e+00  2.69608818e-01  1.80000000e+00  2.69608818e-01  0.00000000e+00  2.69608818e-01  1.80000000e+00  2.69608818e-01  2.86606067e-01  2.69608818e-01  1.08509542e-05  2.69608818e-01  7.13556905e-06 
 2.69610330e-01  1.80000000e+00  2.69610330e-01  0.00000000e+00  2.69610330e-01  1.80000000e+00  2.69610330e-01  1.80000000e+00  2.69610330e-01  1.80000000e+00  2.69610330e-01  0.00000000e+00  2.69610330e-01  1.80000000e+00  2.69610330e-01  2.86615003e-01  2.69610330e-01  1.08509538e-05  2.69610330e-01  7.08127070e-06 
 2.69604951e-01  0.00000000e+00  2.69604951e-01  1.80000000e+00  2.69604951e-01  1.80000000e+00  2.69604951e-01  1.80000000e+00  2.69604951e-01  1.80000000e+00  2.69604951e-01  0.00000000e+00  2.69604951e-01  1.80000000e+00  2.69604951e-01  2.86626437e-01  2.69604951e-01  1.08509531e-05  2.69604951e-01  7.27336855e-06 
 2.69603013e-01  1.80000000e+00  2.69603013e-01  1.80000000e+00  2.69603013e-01  1.80000000e+00  2.69603013e-01  1.80000000e+00  2.69603013e-01  1.80000000e+00  2.69603013e-01  0.00000000e+00  2.69603013e-01  1.80000000e+00  2.69603013e-01  2.86636692e-01  2.69603013e-01  1.08509527e-05  2.69603013e-01  7.34185030e-06 
 2.69593851e-01  0.00000000e+00  2.69593851e-01  0.00000000e+00  2.69593851e-01  0.00000000e+00  2.69593851e-01  0.00000000e+00  2.69593851e-01  0.00000000e+00  2.69593851e-01  1.80000000e+00  2.69593851e-01  1.80000000e+00  2.69593851e-01  2.86646772e-01  2.69593851e-01  1.08509521e-05  2.69593851e-01  7.66023859e-06 
 2.69598432e-01  1.80000000e+00  2.69598432e-01  0.00000000e+00  2.69598432e-01  0.00000000e+00  2.69598432e-01  0.00000000e+00  2.69598432e-01  0.00000000e+00  2.69598432e-01  1.80000000e+00  2.69598432e-01  1.80000000e+00  2.69598432e-01  2.86654675e-01  2.69598432e-01  1.08509518e-05  2.69598432e-01  7.50215138e-06 
 2.69595790e-01  0.00000000e+00  2.69595790e-01  1.80000000e+00  2.69595790e-01  0.00000000e+00  2.69595790e-01  0.00000000e+00  2.69595790e-01  0.00000000e+00  2.69595790e-01  1.80000000e+00  2.69595790e-01  1.80000000e+00  2.69595790e-01  2.86665355e-01  2.69595790e-01  1.08509513e-05  2.69595790e-01  7.59359722e-06 
 2.69596745e-01  1.80000000e+00  2.69596745e-01  1.80000000e+00  2.69596745e-01  0.00000000e+00  2.69596745e-01  0.00000000e+00  2.69596745e-01  0.00000000e+00  2.69596745e-01  1.80000000e+00  2.69596745e-01  1.80000000e+00  2.69596745e-01  2.86674600e-01  2.69596745e-01  1.08509508e-05  2.69596745e-01  7.56059956e-06 
 2.69590451e-01  0.00000000e+00  2.69590451e-01  0.00000000e+00  2.69590451e-01  1.80000000e+00  2.69590451e-01  0.00000000e+00  2.69590451e-01  0.00000000e+00  2.69590451e-01  1.80000000e+00  2.69590451e-01  1.80000000e+00  2.69590451e-01  2.86687009e-01  2.69590451e-01  1.08509502e-05  2.69590451e-01  7.77614797e-06 
 2.69593257e-01  1.80000000e+00  2.69593257e-01  0.00000000e+00  2.69593257e-01  1.80000000e+00  2.69593257e-01  0.00000000e+00  2.69593257e-01  0.00000000e+00  2.69593257e-01  1.80000000e+00  2.69593257e-01  1.80000000e+00  2.69593257e-01  2.86695518e-01  2.69593257e-01  1.08509498e-05  2.69593257e-01  7.68055870e-06 
 2.69588760e-01  0.00000000e+00  2.69588760e-01  1.80000000e+00  2.69588760e-01  1.80000000e+00  2.69588760e-01  0.00000000e+00  2.69588760e-01  0.00000000e+00  2.69588760e-01  1.80000000e+00  2.69588760e-01  1.80000000e+00  2.69588760e-01  2.86707230e-01  2.69588760e-01  1.08509493e-05  2.69588760e-01  7.83336572e-06 
 2.69587921e-01  1.80000000e+00  2.69587921e-01  1.80000000e+00  2.69587921e-01  1.80000000e+00  2.69587921e-01  0.00000000e+00  2.69587921e-01  0.00000000e+00  2.69587921e-01  1.80000000e+00  2.69587921e-01  1.80000000e+00  2.69587921e-01  2.86717365e-01  2.69587921e-01  1.08509487e-05  2.69587921e-01  7.86163778e-06 
 2.69579534e-01  0.00000000e+00  2.69579534e-01  0.00000000e+00  2.69579534e-01  0.00000000e+00  2.69579534e-01  1.80000000e+00  2.69579534e-01  0.00000000e+00  2.69579534e-01  1.80000000e+00  2.69579534e-01  1.80000000e+00  2.69579534e-01  2.86731146e-01  2.69579534e-01  1.08509481e-05  2.69579534e-01  8.14021298e-06 
 2.69583427e-01  1.80000000e+00  2.69583427e-01  0.00000000e+00  2.69583427e-01  0.00000000e+00  2.69583427e-01  1.80000000e+00  2.69583427e-01  0.00000000e+00  2.69583427e-01  1.80000000e+00  2.69583427e-01  1.80000000e+00  2.69583427e-01  2.86739197e-01  2.69583427e-01  1.08509477e-05  2.69583427e-01  8.01181755e-06 
 2.69579749e-01  0.00000000e+00  2.69579749e-01  1.80000000e+00  2.69579749e-01  0.00000000e+00  2.69579749e-01  1.80000000e+00  2.69579749e-01  0.00000000e+00  2.69579749e-01  1.80000000e+00  2.69579749e-01  1.80000000e+00  2.69579749e-01  2.86750813e-01  2.69579749e-01  1.08509472e-05  2.69579749e-01  8.13317389e-06 
 2.69579859e-01  1.80000000e+00  2.69579859e-01  1.80000000e+00  2.69579859e-01  0.00000000e+00  2.69579859e-01  1.80000000e+00  2.69579859e-01  0.00000000e+00  2.69579859e-01  1.80000000e+00  2.69579859e-01  1.80000000e+00  2.69579859e-01  2.86760635e-01  2.69579859e-01  1.08509467e-05  2.69579859e-01  8.12957060e-06 
 2.69572254e-01  0.00000000e+00  2.69572254e-01  0.00000000e+00  2.69572254e-01  1.80000000e+00  2.69572254e-01  1.80000000e+00  2.69572254e-01  0.00000000e+00  2.69572254e-01  1.80000000e+00  2.69572254e-01  1.80000000e+00  2.69572254e-01  2.86774443e-01  2.69572254e-01  1.08509460e-05  2.69572254e-01  8.37607556e-06 
 2.69574331e-01  1.80000000e+00  2.69574331e-01  0.00000000e+00  2.69574331e-01  1.80000000e+00  2.69574331e-01  1.80000000e+00  2.69574331e-01  0.00000000e+00  2.69574331e-01  1.80000000e+00  2.69574331e-01  1.80000000e+00  2.69574331e-01  2.86783378e-01  2.69574331e-01  1.08509456e-05  2.69574331e-01  8.30934324e-06 
 2.69568585e-01  0.00000000e+00  2.69568585e-01  1.80000000e+00  2.69568585e-01  1.80000000e+00  2.69568585e-01  1.80000000e+00  2.69568585e-01  0.00000000e+00  2.69568585e-01  1.80000000e+00  2.69568585e-01  1.80000000e+00  2.69568585e-01  2.86796330e-01  2.69568585e-01  1.08509449e-05  2.69568585e-01  8.49285842e-06 
 2.69566748e-01  1.80000000e+00  2.69566748e-01  1.80000000e+00  2.69566748e-01  1.80000000e+00  2.69566748e-01  1.80000000e+00  2.69566748e-01  0.00000000e+00  2.69566748e-01  1.80000000e+00  2.69566748e-01  1.80000000e+00  2.69566748e-01  2.86807334e-01  2.69566748e-01  1.08509444e-05  2.69566748e-01  8.55079788e-06 
 2.69556748e-01  0.00000000e+00  2.69556748e-01  0.00000000e+00  2.69556748e-01  0.00000000e+00  2.69556748e-01  0.00000000e+00  2.69556748e-01  1.80000000e+00  2.69556748e-01  1.80000000e+00  2.69556748e-01  1.80000000e+00  2.69556748e-01  2.86823475e-01  2.69556748e-01  1.08509436e-05  2.69556748e-01  8.86016588e-06 
 2.69561558e-01  1.80000000e+00  2.69561558e-01  0.00000000e+00  2.69561558e-01  0.00000000e+00  2.69561558e-01  0.00000000e+00  2.69561558e-01  1.80000000e+00  2.69561558e-01  1.80000000e+00  2.69561558e-01  1.80000000e+00  2.69561558e-01  2.86831111e-01  2.69561558e-01  1.08509432e-05  2.69561558e-01  8.71262993e-06 
 2.69558150e-01  0.00000000e+00  2.69558150e-01  1.80000000e+00  2.69558150e-01  0.00000000e+00  2.69558150e-01  0.00000000e+00  2.69558150e-01  1.80000000e+00  2.69558150e-01  1.80000000e+00  2.69558150e-01  1.80000000e+00  2.69558150e-01  2.86843128e-01  2.69558150e-01  1.08509426e-05  2.69558150e-01  8.81740369e-06 
 2.69558844e-01  1.80000000e+00  2.69558844e-01  1.80000000e+00  2.69558844e-01  0.00000000e+00  2.69558844e-01  0.00000000e+00  2.69558844e-01  1.80000000e+00  2.69558844e-01  1.80000000e+00  2.69558844e-01  1.80000000e+00  2.69558844e-01  2.86852922e-01  2.69558844e-01  1.08509422e-05  2.69558844e-01  8.79615261e-06 
 2.69551224e-01  0.00000000e+00  2.69551224e-01  0.00000000e+00  2.69551224e-01  1.80000000e+00  2.69551224e-01  0.00000000e+00  2.69551224e-01  1.80000000e+00  2.69551224e-01  1.80000000e+00  2.69551224e-01  1.80000000e+00  2.69551224e-01  2.86867526e-01  2.69551224e-01  1.08509414e-05  2.69551224e-01  9.02662892e-06 
 2.69554046e-01  1.80000000e+00  2.69554046e-01  0.00000000e+00  2.69554046e-01  1.80000000e+00  2.69554046e-01  0.00000000e+00  2.69554046e-01  1.80000000e+00  2.69554046e-01  1.80000000e+00  2.69554046e-01  1.80000000e+00  2.69554046e-01  2.86876193e-01  2.69554046e-01  1.08509410e-05  2.69554046e-01  8.94197152e-06 
 2.69548457e-01  0.00000000e+00  2.69548457e-01  1.80000000e+00  2.69548457e-01  1.80000000e+00  2.69548457e-01  0.00000000e+00  2.69548457e-01  1.80000000e+00  2.69548457e-01  1.80000000e+00  2.69548457e-01  1.80000000e+00  2.69548457e-01  2.86889722e-01  2.69548457e-01  1.08509404e-05  2.69548457e-01  9.10884484e-06 
 2.69547077e-01  1.80000000e+00  2.69547077e-01  1.80000000e+00  2.69547077e-01  1.80000000e+00  2.69547077e-01  0.00000000e+00  2.69547077e-01  1.80000000e+00  2.69547077e-01  1.80000000e+00  2.69547077e-01  1.80000000e+00  2.69547077e-01  2.86900860e-01  2.69547077e-01  1.08509399e-05  2.69547077e-01  9.14954177e-06 
 2.69536904e-01  0.00000000e+00  2.69536904e-01  0.00000000e+00  2.69536904e-01  0.00000000e+00  2.69536904e-01  1.80000000e+00  2.69536904e-01  1.80000000e+00  2.69536904e-01  1.80000000e+00  2.69536904e-01  1.80000000e+00  2.69536904e-01  2.86917393e-01  2.69536904e-01  1.08509390e-05  2.69536904e-01  9.44370684e-06 
 2.69541023e-01  1.80000000e+00  2.69541023e-01  0.00000000e+00  2.69541023e-01  0.00000000e+00  2.69541023e-01  1.80000000e+00  2.69541023e-01  1.80000000e+00  2.69541023e-01  1.80000000e+00  2.69541023e-01  1.80000000e+00  2.69541023e-01  2.86925399e-01  2.69541023e-01  1.08509386e-05  2.69541023e-01  9.32584800e-06 
 2.69536304e-01  0.00000000e+00  2.69536304e-01  1.80000000e+00  2.69536304e-01  0.00000000e+00  2.69536304e-01  1.80000000e+00  2.69536304e-01  1.80000000e+00  2.69536304e-01  1.80000000e+00  2.69536304e-01  1.80000000e+00  2.69536304e-01  2.86938718e-01  2.69536304e-01  1.08509380e-05  2.69536304e-01  9.46071517e-06 
 2.69536011e-01  1.80000000e+00  2.69536011e-01  1.80000000e+00  2.69536011e-01  0.00000000e+00  2.69536011e-01  1.80000000e+00  2.69536011e-01  1.80000000e+00  2.69536011e-01  1.80000000e+00  2.69536011e-01  1.80000000e+00  2.69536011e-01  2.86949381e-01  2.69536011e-01  1.08509375e-05  2.69536011e-01  9.46901516e-06 
 2.69526620e-01  0.00000000e+00  2.69526620e-01  0.00000000e+00  2.69526620e-01  1.80000000e+00  2.69526620e-01  1.80000000e+00  2.69526620e-01  1.80000000e+00  2.69526620e-01  1.80000000e+00  2.69526620e-01  1.80000000e+00  2.69526620e-01  2.86965860e-01  2.69526620e-01  1.08509367e-05  2.69526620e-01  9.73051450e-06 
 2.69528642e-01  1.80000000e+00  2.69528642e-01  0.00000000e+00  2.69528642e-01  1.80000000e+00  2.69528642e-01  1.80000000e+00  2.69528642e-01  1.80000000e+00  2.69528642e-01  1.80000000e+00  2.69528642e-01  1.80000000e+00  2.69528642e-01  2.86975209e-01  2.69528642e-01  1.08509362e-05  2.69528642e-01  9.67495062e-06 
 2.69521385e-01  0.00000000e+00  2.69521385e-01  1.80000000e+00  2.69521385e-01  1.80000000e+00  2.69521385e-01  1.80000000e+00  2.69521385e-01  1.80000000e+00  2.69521385e-01  1.80000000e+00  2.69521385e-01  1.80000000e+00  2.69521385e-01  2.86990432e-01  2.69521385e-01  1.08509355e-05  2.69521385e-01  9.87247896e-06 
 2.69518749e-01  1.80000000e+00  2.69518749e-01  1.80000000e+00  2.69518749e-01  1.80000000e+00  2.69518749e-01  1.80000000e+00  2.69518749e-01  1.80000000e+00  2.69518749e-01  1.80000000e+00  2.69518749e-01  1.80000000e+00  2.69518749e-01  2.87002803e-01  2.69518749e-01  1.08509349e-05  2.69518749e-01  9.94292959e-06 
