 net3            v(b0)           net3            v(b1)           net3            v(b2)           net3            v(b3)           net3            v(b4)           net3            v(b5)           net3            v(b6)           net3            v(net5)         net3            i(v_i_in)       net3            i(vi_out)      
 2.65735671e-01  0.00000000e+00  2.65735671e-01  0.00000000e+00  2.65735671e-01  0.00000000e+00  2.65735671e-01  0.00000000e+00  2.65735671e-01  0.00000000e+00  2.65735671e-01  0.00000000e+00  2.65735671e-01  0.00000000e+00  2.65735671e-01  2.80501850e-01  2.65735671e-01  9.97619140e-06  2.65735671e-01  4.00035560e-12 
 2.65734496e-01  1.80000000e+00  2.65734496e-01  0.00000000e+00  2.65734496e-01  0.00000000e+00  2.65734496e-01  0.00000000e+00  2.65734496e-01  0.00000000e+00  2.65734496e-01  0.00000000e+00  2.65734496e-01  0.00000000e+00  2.65734496e-01  2.80501353e-01  2.65734496e-01  9.97619147e-06  2.65734496e-01  4.46220838e-12 
 2.65732931e-01  0.00000000e+00  2.65732931e-01  1.80000000e+00  2.65732931e-01  0.00000000e+00  2.65732931e-01  0.00000000e+00  2.65732931e-01  0.00000000e+00  2.65732931e-01  0.00000000e+00  2.65732931e-01  0.00000000e+00  2.65732931e-01  2.80500543e-01  2.65732931e-01  9.97619148e-06  2.65732931e-01  3.54631879e-11 
 2.65731581e-01  1.80000000e+00  2.65731581e-01  1.80000000e+00  2.65731581e-01  0.00000000e+00  2.65731581e-01  0.00000000e+00  2.65731581e-01  0.00000000e+00  2.65731581e-01  0.00000000e+00  2.65731581e-01  0.00000000e+00  2.65731581e-01  2.80499983e-01  2.65731581e-01  9.97619156e-06  2.65731581e-01  6.01951271e-08 
 2.65729785e-01  0.00000000e+00  2.65729785e-01  0.00000000e+00  2.65729785e-01  1.80000000e+00  2.65729785e-01  0.00000000e+00  2.65729785e-01  0.00000000e+00  2.65729785e-01  0.00000000e+00  2.65729785e-01  0.00000000e+00  2.65729785e-01  2.80499080e-01  2.65729785e-01  9.97619158e-06  2.65729785e-01  1.57624648e-07 
 2.65728565e-01  1.80000000e+00  2.65728565e-01  0.00000000e+00  2.65728565e-01  1.80000000e+00  2.65728565e-01  0.00000000e+00  2.65728565e-01  0.00000000e+00  2.65728565e-01  0.00000000e+00  2.65728565e-01  0.00000000e+00  2.65728565e-01  2.80498758e-01  2.65728565e-01  9.97619152e-06  2.65728565e-01  2.22670700e-07 
 2.65726874e-01  0.00000000e+00  2.65726874e-01  1.80000000e+00  2.65726874e-01  1.80000000e+00  2.65726874e-01  0.00000000e+00  2.65726874e-01  0.00000000e+00  2.65726874e-01  0.00000000e+00  2.65726874e-01  0.00000000e+00  2.65726874e-01  2.80498085e-01  2.65726874e-01  9.97619158e-06  2.65726874e-01  3.11745076e-07 
 2.65725426e-01  1.80000000e+00  2.65725426e-01  1.80000000e+00  2.65725426e-01  1.80000000e+00  2.65725426e-01  0.00000000e+00  2.65725426e-01  0.00000000e+00  2.65725426e-01  0.00000000e+00  2.65725426e-01  0.00000000e+00  2.65725426e-01  2.80497672e-01  2.65725426e-01  9.97619159e-06  2.65725426e-01  3.87200053e-07 
 2.65723427e-01  0.00000000e+00  2.65723427e-01  0.00000000e+00  2.65723427e-01  0.00000000e+00  2.65723427e-01  1.80000000e+00  2.65723427e-01  0.00000000e+00  2.65723427e-01  0.00000000e+00  2.65723427e-01  0.00000000e+00  2.65723427e-01  2.80496808e-01  2.65723427e-01  9.97619169e-06  2.65723427e-01  4.90373097e-07 
 2.65722320e-01  1.80000000e+00  2.65722320e-01  0.00000000e+00  2.65722320e-01  0.00000000e+00  2.65722320e-01  1.80000000e+00  2.65722320e-01  0.00000000e+00  2.65722320e-01  0.00000000e+00  2.65722320e-01  0.00000000e+00  2.65722320e-01  2.80496805e-01  2.65722320e-01  9.97619162e-06  2.65722320e-01  5.47034219e-07 
 2.65720668e-01  0.00000000e+00  2.65720668e-01  1.80000000e+00  2.65720668e-01  0.00000000e+00  2.65720668e-01  1.80000000e+00  2.65720668e-01  0.00000000e+00  2.65720668e-01  0.00000000e+00  2.65720668e-01  0.00000000e+00  2.65720668e-01  2.80496420e-01  2.65720668e-01  9.97619162e-06  2.65720668e-01  6.31059450e-07 
 2.65719302e-01  1.80000000e+00  2.65719302e-01  1.80000000e+00  2.65719302e-01  0.00000000e+00  2.65719302e-01  1.80000000e+00  2.65719302e-01  0.00000000e+00  2.65719302e-01  0.00000000e+00  2.65719302e-01  0.00000000e+00  2.65719302e-01  2.80496309e-01  2.65719302e-01  9.97619165e-06  2.65719302e-01  7.00137022e-07 
 2.65717333e-01  0.00000000e+00  2.65717333e-01  0.00000000e+00  2.65717333e-01  1.80000000e+00  2.65717333e-01  1.80000000e+00  2.65717333e-01  0.00000000e+00  2.65717333e-01  0.00000000e+00  2.65717333e-01  0.00000000e+00  2.65717333e-01  2.80495799e-01  2.65717333e-01  9.97619169e-06  2.65717333e-01  7.99061276e-07 
 2.65716126e-01  1.80000000e+00  2.65716126e-01  0.00000000e+00  2.65716126e-01  1.80000000e+00  2.65716126e-01  1.80000000e+00  2.65716126e-01  0.00000000e+00  2.65716126e-01  0.00000000e+00  2.65716126e-01  0.00000000e+00  2.65716126e-01  2.80495926e-01  2.65716126e-01  9.97619162e-06  2.65716126e-01  8.59295518e-07 
 2.65714290e-01  0.00000000e+00  2.65714290e-01  1.80000000e+00  2.65714290e-01  1.80000000e+00  2.65714290e-01  1.80000000e+00  2.65714290e-01  0.00000000e+00  2.65714290e-01  0.00000000e+00  2.65714290e-01  0.00000000e+00  2.65714290e-01  2.80495651e-01  2.65714290e-01  9.97619169e-06  2.65714290e-01  9.50558473e-07 
 2.65712769e-01  1.80000000e+00  2.65712769e-01  1.80000000e+00  2.65712769e-01  1.80000000e+00  2.65712769e-01  1.80000000e+00  2.65712769e-01  0.00000000e+00  2.65712769e-01  0.00000000e+00  2.65712769e-01  0.00000000e+00  2.65712769e-01  2.80495654e-01  2.65712769e-01  9.97619172e-06  2.65712769e-01  1.02567885e-06 
 2.65710530e-01  0.00000000e+00  2.65710530e-01  0.00000000e+00  2.65710530e-01  0.00000000e+00  2.65710530e-01  0.00000000e+00  2.65710530e-01  1.80000000e+00  2.65710530e-01  0.00000000e+00  2.65710530e-01  0.00000000e+00  2.65710530e-01  2.80495284e-01  2.65710530e-01  9.97619170e-06  2.65710530e-01  1.13563855e-06 
 2.65709575e-01  1.80000000e+00  2.65709575e-01  0.00000000e+00  2.65709575e-01  0.00000000e+00  2.65709575e-01  0.00000000e+00  2.65709575e-01  1.80000000e+00  2.65709575e-01  0.00000000e+00  2.65709575e-01  0.00000000e+00  2.65709575e-01  2.80495804e-01  2.65709575e-01  9.97619167e-06  2.65709575e-01  1.18229436e-06 
 2.65707916e-01  0.00000000e+00  2.65707916e-01  1.80000000e+00  2.65707916e-01  0.00000000e+00  2.65707916e-01  0.00000000e+00  2.65707916e-01  1.80000000e+00  2.65707916e-01  0.00000000e+00  2.65707916e-01  0.00000000e+00  2.65707916e-01  2.80495907e-01  2.65707916e-01  9.97619167e-06  2.65707916e-01  1.26303254e-06 
 2.65706625e-01  1.80000000e+00  2.65706625e-01  1.80000000e+00  2.65706625e-01  0.00000000e+00  2.65706625e-01  0.00000000e+00  2.65706625e-01  1.80000000e+00  2.65706625e-01  0.00000000e+00  2.65706625e-01  0.00000000e+00  2.65706625e-01  2.80496292e-01  2.65706625e-01  9.97619166e-06  2.65706625e-01  1.32565174e-06 
 2.65704574e-01  0.00000000e+00  2.65704574e-01  0.00000000e+00  2.65704574e-01  1.80000000e+00  2.65704574e-01  0.00000000e+00  2.65704574e-01  1.80000000e+00  2.65704574e-01  0.00000000e+00  2.65704574e-01  0.00000000e+00  2.65704574e-01  2.80496261e-01  2.65704574e-01  9.97619166e-06  2.65704574e-01  1.42458478e-06 
 2.65703485e-01  1.80000000e+00  2.65703485e-01  0.00000000e+00  2.65703485e-01  1.80000000e+00  2.65703485e-01  0.00000000e+00  2.65703485e-01  1.80000000e+00  2.65703485e-01  0.00000000e+00  2.65703485e-01  0.00000000e+00  2.65703485e-01  2.80496880e-01  2.65703485e-01  9.97619158e-06  2.65703485e-01  1.47685704e-06 
 2.65701612e-01  0.00000000e+00  2.65701612e-01  1.80000000e+00  2.65701612e-01  1.80000000e+00  2.65701612e-01  0.00000000e+00  2.65701612e-01  1.80000000e+00  2.65701612e-01  0.00000000e+00  2.65701612e-01  0.00000000e+00  2.65701612e-01  2.80497086e-01  2.65701612e-01  9.97619168e-06  2.65701612e-01  1.56650960e-06 
 2.65700134e-01  1.80000000e+00  2.65700134e-01  1.80000000e+00  2.65700134e-01  1.80000000e+00  2.65700134e-01  0.00000000e+00  2.65700134e-01  1.80000000e+00  2.65700134e-01  0.00000000e+00  2.65700134e-01  0.00000000e+00  2.65700134e-01  2.80497571e-01  2.65700134e-01  9.97619155e-06  2.65700134e-01  1.63685420e-06 
 2.65697785e-01  0.00000000e+00  2.65697785e-01  0.00000000e+00  2.65697785e-01  0.00000000e+00  2.65697785e-01  1.80000000e+00  2.65697785e-01  1.80000000e+00  2.65697785e-01  0.00000000e+00  2.65697785e-01  0.00000000e+00  2.65697785e-01  2.80497582e-01  2.65697785e-01  9.97619165e-06  2.65697785e-01  1.74816207e-06 
 2.65696842e-01  1.80000000e+00  2.65696842e-01  0.00000000e+00  2.65696842e-01  0.00000000e+00  2.65696842e-01  1.80000000e+00  2.65696842e-01  1.80000000e+00  2.65696842e-01  0.00000000e+00  2.65696842e-01  0.00000000e+00  2.65696842e-01  2.80498482e-01  2.65696842e-01  9.97619159e-06  2.65696842e-01  1.79262125e-06 
 2.65695033e-01  0.00000000e+00  2.65695033e-01  1.80000000e+00  2.65695033e-01  0.00000000e+00  2.65695033e-01  1.80000000e+00  2.65695033e-01  1.80000000e+00  2.65695033e-01  0.00000000e+00  2.65695033e-01  0.00000000e+00  2.65695033e-01  2.80498972e-01  2.65695033e-01  9.97619156e-06  2.65695033e-01  1.87767847e-06 
 2.65693666e-01  1.80000000e+00  2.65693666e-01  1.80000000e+00  2.65693666e-01  0.00000000e+00  2.65693666e-01  1.80000000e+00  2.65693666e-01  1.80000000e+00  2.65693666e-01  0.00000000e+00  2.65693666e-01  0.00000000e+00  2.65693666e-01  2.80499736e-01  2.65693666e-01  9.97619152e-06  2.65693666e-01  1.94164489e-06 
 2.65691370e-01  0.00000000e+00  2.65691370e-01  0.00000000e+00  2.65691370e-01  1.80000000e+00  2.65691370e-01  1.80000000e+00  2.65691370e-01  1.80000000e+00  2.65691370e-01  0.00000000e+00  2.65691370e-01  0.00000000e+00  2.65691370e-01  2.80500101e-01  2.65691370e-01  9.97619152e-06  2.65691370e-01  2.04864632e-06 
 2.65690240e-01  1.80000000e+00  2.65690240e-01  0.00000000e+00  2.65690240e-01  1.80000000e+00  2.65690240e-01  1.80000000e+00  2.65690240e-01  1.80000000e+00  2.65690240e-01  0.00000000e+00  2.65690240e-01  0.00000000e+00  2.65690240e-01  2.80501090e-01  2.65690240e-01  9.97619144e-06  2.65690240e-01  2.10105773e-06 
 2.65688149e-01  0.00000000e+00  2.65688149e-01  1.80000000e+00  2.65688149e-01  1.80000000e+00  2.65688149e-01  1.80000000e+00  2.65688149e-01  1.80000000e+00  2.65688149e-01  0.00000000e+00  2.65688149e-01  0.00000000e+00  2.65688149e-01  2.80501689e-01  2.65688149e-01  9.97619155e-06  2.65688149e-01  2.19770527e-06 
 2.65686535e-01  1.80000000e+00  2.65686535e-01  1.80000000e+00  2.65686535e-01  1.80000000e+00  2.65686535e-01  1.80000000e+00  2.65686535e-01  1.80000000e+00  2.65686535e-01  0.00000000e+00  2.65686535e-01  0.00000000e+00  2.65686535e-01  2.80502553e-01  2.65686535e-01  9.97619136e-06  2.65686535e-01  2.27190748e-06 
 2.65683960e-01  0.00000000e+00  2.65683960e-01  0.00000000e+00  2.65683960e-01  0.00000000e+00  2.65683960e-01  0.00000000e+00  2.65683960e-01  0.00000000e+00  2.65683960e-01  1.80000000e+00  2.65683960e-01  0.00000000e+00  2.65683960e-01  2.80503340e-01  2.65683960e-01  9.97619134e-06  2.65683960e-01  2.38973912e-06 
 2.65683279e-01  1.80000000e+00  2.65683279e-01  0.00000000e+00  2.65683279e-01  0.00000000e+00  2.65683279e-01  0.00000000e+00  2.65683279e-01  0.00000000e+00  2.65683279e-01  1.80000000e+00  2.65683279e-01  0.00000000e+00  2.65683279e-01  2.80504724e-01  2.65683279e-01  9.97619127e-06  2.65683279e-01  2.42076773e-06 
 2.65681557e-01  0.00000000e+00  2.65681557e-01  1.80000000e+00  2.65681557e-01  0.00000000e+00  2.65681557e-01  0.00000000e+00  2.65681557e-01  0.00000000e+00  2.65681557e-01  1.80000000e+00  2.65681557e-01  0.00000000e+00  2.65681557e-01  2.80505725e-01  2.65681557e-01  9.97619122e-06  2.65681557e-01  2.49902737e-06 
 2.65680370e-01  1.80000000e+00  2.65680370e-01  1.80000000e+00  2.65680370e-01  0.00000000e+00  2.65680370e-01  0.00000000e+00  2.65680370e-01  0.00000000e+00  2.65680370e-01  1.80000000e+00  2.65680370e-01  0.00000000e+00  2.65680370e-01  2.80506976e-01  2.65680370e-01  9.97619122e-06  2.65680370e-01  2.55276061e-06 
 2.65678089e-01  0.00000000e+00  2.65678089e-01  0.00000000e+00  2.65678089e-01  1.80000000e+00  2.65678089e-01  0.00000000e+00  2.65678089e-01  0.00000000e+00  2.65678089e-01  1.80000000e+00  2.65678089e-01  0.00000000e+00  2.65678089e-01  2.80507873e-01  2.65678089e-01  9.97619110e-06  2.65678089e-01  2.65559446e-06 
 2.65677191e-01  1.80000000e+00  2.65677191e-01  0.00000000e+00  2.65677191e-01  1.80000000e+00  2.65677191e-01  0.00000000e+00  2.65677191e-01  0.00000000e+00  2.65677191e-01  1.80000000e+00  2.65677191e-01  0.00000000e+00  2.65677191e-01  2.80509326e-01  2.65677191e-01  9.97619107e-06  2.65677191e-01  2.69590308e-06 
 2.65675172e-01  0.00000000e+00  2.65675172e-01  1.80000000e+00  2.65675172e-01  1.80000000e+00  2.65675172e-01  0.00000000e+00  2.65675172e-01  0.00000000e+00  2.65675172e-01  1.80000000e+00  2.65675172e-01  0.00000000e+00  2.65675172e-01  2.80510441e-01  2.65675172e-01  9.97619105e-06  2.65675172e-01  2.78625784e-06 
 2.65673719e-01  1.80000000e+00  2.65673719e-01  1.80000000e+00  2.65673719e-01  1.80000000e+00  2.65673719e-01  0.00000000e+00  2.65673719e-01  0.00000000e+00  2.65673719e-01  1.80000000e+00  2.65673719e-01  0.00000000e+00  2.65673719e-01  2.80511789e-01  2.65673719e-01  9.97619094e-06  2.65673719e-01  2.85100255e-06 
 2.65671053e-01  0.00000000e+00  2.65671053e-01  0.00000000e+00  2.65671053e-01  0.00000000e+00  2.65671053e-01  1.80000000e+00  2.65671053e-01  0.00000000e+00  2.65671053e-01  1.80000000e+00  2.65671053e-01  0.00000000e+00  2.65671053e-01  2.80512773e-01  2.65671053e-01  9.97619087e-06  2.65671053e-01  2.96918895e-06 
 2.65670350e-01  1.80000000e+00  2.65670350e-01  0.00000000e+00  2.65670350e-01  0.00000000e+00  2.65670350e-01  1.80000000e+00  2.65670350e-01  0.00000000e+00  2.65670350e-01  1.80000000e+00  2.65670350e-01  0.00000000e+00  2.65670350e-01  2.80514462e-01  2.65670350e-01  9.97619087e-06  2.65670350e-01  3.00025994e-06 
 2.65668438e-01  0.00000000e+00  2.65668438e-01  1.80000000e+00  2.65668438e-01  0.00000000e+00  2.65668438e-01  1.80000000e+00  2.65668438e-01  0.00000000e+00  2.65668438e-01  1.80000000e+00  2.65668438e-01  0.00000000e+00  2.65668438e-01  2.80515845e-01  2.65668438e-01  9.97619080e-06  2.65668438e-01  3.08437227e-06 
 2.65667141e-01  1.80000000e+00  2.65667141e-01  1.80000000e+00  2.65667141e-01  0.00000000e+00  2.65667141e-01  1.80000000e+00  2.65667141e-01  0.00000000e+00  2.65667141e-01  1.80000000e+00  2.65667141e-01  0.00000000e+00  2.65667141e-01  2.80517438e-01  2.65667141e-01  9.97619071e-06  2.65667141e-01  3.14122985e-06 
 2.65664573e-01  0.00000000e+00  2.65664573e-01  0.00000000e+00  2.65664573e-01  1.80000000e+00  2.65664573e-01  1.80000000e+00  2.65664573e-01  0.00000000e+00  2.65664573e-01  1.80000000e+00  2.65664573e-01  0.00000000e+00  2.65664573e-01  2.80518765e-01  2.65664573e-01  9.97619062e-06  2.65664573e-01  3.25328581e-06 
 2.65663601e-01  1.80000000e+00  2.65663601e-01  0.00000000e+00  2.65663601e-01  1.80000000e+00  2.65663601e-01  1.80000000e+00  2.65663601e-01  0.00000000e+00  2.65663601e-01  1.80000000e+00  2.65663601e-01  0.00000000e+00  2.65663601e-01  2.80520541e-01  2.65663601e-01  9.97619062e-06  2.65663601e-01  3.29553622e-06 
 2.65661323e-01  0.00000000e+00  2.65661323e-01  1.80000000e+00  2.65661323e-01  1.80000000e+00  2.65661323e-01  1.80000000e+00  2.65661323e-01  0.00000000e+00  2.65661323e-01  1.80000000e+00  2.65661323e-01  0.00000000e+00  2.65661323e-01  2.80522067e-01  2.65661323e-01  9.97619049e-06  2.65661323e-01  3.39409898e-06 
 2.65659697e-01  1.80000000e+00  2.65659697e-01  1.80000000e+00  2.65659697e-01  1.80000000e+00  2.65659697e-01  1.80000000e+00  2.65659697e-01  0.00000000e+00  2.65659697e-01  1.80000000e+00  2.65659697e-01  0.00000000e+00  2.65659697e-01  2.80523786e-01  2.65659697e-01  9.97619048e-06  2.65659697e-01  3.46413857e-06 
 2.65656656e-01  0.00000000e+00  2.65656656e-01  0.00000000e+00  2.65656656e-01  0.00000000e+00  2.65656656e-01  0.00000000e+00  2.65656656e-01  1.80000000e+00  2.65656656e-01  1.80000000e+00  2.65656656e-01  0.00000000e+00  2.65656656e-01  2.80525355e-01  2.65656656e-01  9.97619035e-06  2.65656656e-01  3.59435275e-06 
 2.65656152e-01  1.80000000e+00  2.65656152e-01  0.00000000e+00  2.65656152e-01  0.00000000e+00  2.65656152e-01  0.00000000e+00  2.65656152e-01  1.80000000e+00  2.65656152e-01  1.80000000e+00  2.65656152e-01  0.00000000e+00  2.65656152e-01  2.80527408e-01  2.65656152e-01  9.97619025e-06  2.65656152e-01  3.61584213e-06 
 2.65654249e-01  0.00000000e+00  2.65654249e-01  1.80000000e+00  2.65654249e-01  0.00000000e+00  2.65654249e-01  0.00000000e+00  2.65654249e-01  1.80000000e+00  2.65654249e-01  1.80000000e+00  2.65654249e-01  0.00000000e+00  2.65654249e-01  2.80529249e-01  2.65654249e-01  9.97619016e-06  2.65654249e-01  3.69673764e-06 
 2.65653058e-01  1.80000000e+00  2.65653058e-01  1.80000000e+00  2.65653058e-01  0.00000000e+00  2.65653058e-01  0.00000000e+00  2.65653058e-01  1.80000000e+00  2.65653058e-01  1.80000000e+00  2.65653058e-01  0.00000000e+00  2.65653058e-01  2.80531248e-01  2.65653058e-01  9.97619009e-06  2.65653058e-01  3.74717657e-06 
 2.65650408e-01  0.00000000e+00  2.65650408e-01  0.00000000e+00  2.65650408e-01  1.80000000e+00  2.65650408e-01  0.00000000e+00  2.65650408e-01  1.80000000e+00  2.65650408e-01  1.80000000e+00  2.65650408e-01  0.00000000e+00  2.65650408e-01  2.80533086e-01  2.65650408e-01  9.97618999e-06  2.65650408e-01  3.85884913e-06 
 2.65649594e-01  1.80000000e+00  2.65649594e-01  0.00000000e+00  2.65649594e-01  1.80000000e+00  2.65649594e-01  0.00000000e+00  2.65649594e-01  1.80000000e+00  2.65649594e-01  1.80000000e+00  2.65649594e-01  0.00000000e+00  2.65649594e-01  2.80535231e-01  2.65649594e-01  9.97618994e-06  2.65649594e-01  3.89304621e-06 
 2.65647287e-01  0.00000000e+00  2.65647287e-01  1.80000000e+00  2.65647287e-01  1.80000000e+00  2.65647287e-01  0.00000000e+00  2.65647287e-01  1.80000000e+00  2.65647287e-01  1.80000000e+00  2.65647287e-01  0.00000000e+00  2.65647287e-01  2.80537240e-01  2.65647287e-01  9.97618982e-06  2.65647287e-01  3.98945550e-06 
 2.65645729e-01  1.80000000e+00  2.65645729e-01  1.80000000e+00  2.65645729e-01  1.80000000e+00  2.65645729e-01  0.00000000e+00  2.65645729e-01  1.80000000e+00  2.65645729e-01  1.80000000e+00  2.65645729e-01  0.00000000e+00  2.65645729e-01  2.80539379e-01  2.65645729e-01  9.97618978e-06  2.65645729e-01  4.05428736e-06 
 2.65642572e-01  0.00000000e+00  2.65642572e-01  0.00000000e+00  2.65642572e-01  0.00000000e+00  2.65642572e-01  1.80000000e+00  2.65642572e-01  1.80000000e+00  2.65642572e-01  1.80000000e+00  2.65642572e-01  0.00000000e+00  2.65642572e-01  2.80541388e-01  2.65642572e-01  9.97618965e-06  2.65642572e-01  4.18484402e-06 
 2.65641996e-01  1.80000000e+00  2.65641996e-01  0.00000000e+00  2.65641996e-01  0.00000000e+00  2.65641996e-01  1.80000000e+00  2.65641996e-01  1.80000000e+00  2.65641996e-01  1.80000000e+00  2.65641996e-01  0.00000000e+00  2.65641996e-01  2.80543723e-01  2.65641996e-01  9.97618949e-06  2.65641996e-01  4.20855070e-06 
 2.65639824e-01  0.00000000e+00  2.65639824e-01  1.80000000e+00  2.65639824e-01  0.00000000e+00  2.65639824e-01  1.80000000e+00  2.65639824e-01  1.80000000e+00  2.65639824e-01  1.80000000e+00  2.65639824e-01  0.00000000e+00  2.65639824e-01  2.80545985e-01  2.65639824e-01  9.97618948e-06  2.65639824e-01  4.29764925e-06 
 2.65638458e-01  1.80000000e+00  2.65638458e-01  1.80000000e+00  2.65638458e-01  0.00000000e+00  2.65638458e-01  1.80000000e+00  2.65638458e-01  1.80000000e+00  2.65638458e-01  1.80000000e+00  2.65638458e-01  0.00000000e+00  2.65638458e-01  2.80548336e-01  2.65638458e-01  9.97618928e-06  2.65638458e-01  4.35342445e-06 
 2.65635420e-01  0.00000000e+00  2.65635420e-01  0.00000000e+00  2.65635420e-01  1.80000000e+00  2.65635420e-01  1.80000000e+00  2.65635420e-01  1.80000000e+00  2.65635420e-01  1.80000000e+00  2.65635420e-01  0.00000000e+00  2.65635420e-01  2.80550676e-01  2.65635420e-01  9.97618925e-06  2.65635420e-01  4.47683551e-06 
 2.65634473e-01  1.80000000e+00  2.65634473e-01  0.00000000e+00  2.65634473e-01  1.80000000e+00  2.65634473e-01  1.80000000e+00  2.65634473e-01  1.80000000e+00  2.65634473e-01  1.80000000e+00  2.65634473e-01  0.00000000e+00  2.65634473e-01  2.80553145e-01  2.65634473e-01  9.97618910e-06  2.65634473e-01  4.51506536e-06 
 2.65631811e-01  0.00000000e+00  2.65631811e-01  1.80000000e+00  2.65631811e-01  1.80000000e+00  2.65631811e-01  1.80000000e+00  2.65631811e-01  1.80000000e+00  2.65631811e-01  1.80000000e+00  2.65631811e-01  0.00000000e+00  2.65631811e-01  2.80555631e-01  2.65631811e-01  9.97618903e-06  2.65631811e-01  4.62213838e-06 
 2.65630001e-01  1.80000000e+00  2.65630001e-01  1.80000000e+00  2.65630001e-01  1.80000000e+00  2.65630001e-01  1.80000000e+00  2.65630001e-01  1.80000000e+00  2.65630001e-01  1.80000000e+00  2.65630001e-01  0.00000000e+00  2.65630001e-01  2.80558176e-01  2.65630001e-01  9.97618895e-06  2.65630001e-01  4.69452217e-06 
 2.65626248e-01  0.00000000e+00  2.65626248e-01  0.00000000e+00  2.65626248e-01  0.00000000e+00  2.65626248e-01  0.00000000e+00  2.65626248e-01  0.00000000e+00  2.65626248e-01  0.00000000e+00  2.65626248e-01  1.80000000e+00  2.65626248e-01  2.80561740e-01  2.65626248e-01  9.97618870e-06  2.65626248e-01  4.84349753e-06 
 2.65626159e-01  1.80000000e+00  2.65626159e-01  0.00000000e+00  2.65626159e-01  0.00000000e+00  2.65626159e-01  0.00000000e+00  2.65626159e-01  0.00000000e+00  2.65626159e-01  0.00000000e+00  2.65626159e-01  1.80000000e+00  2.65626159e-01  2.80564388e-01  2.65626159e-01  9.97618865e-06  2.65626159e-01  4.84701386e-06 
 2.65624243e-01  0.00000000e+00  2.65624243e-01  1.80000000e+00  2.65624243e-01  0.00000000e+00  2.65624243e-01  0.00000000e+00  2.65624243e-01  0.00000000e+00  2.65624243e-01  0.00000000e+00  2.65624243e-01  1.80000000e+00  2.65624243e-01  2.80567110e-01  2.65624243e-01  9.97618852e-06  2.65624243e-01  4.92254292e-06 
 2.65623253e-01  1.80000000e+00  2.65623253e-01  1.80000000e+00  2.65623253e-01  0.00000000e+00  2.65623253e-01  0.00000000e+00  2.65623253e-01  0.00000000e+00  2.65623253e-01  0.00000000e+00  2.65623253e-01  1.80000000e+00  2.65623253e-01  2.80569831e-01  2.65623253e-01  9.97618833e-06  2.65623253e-01  4.96136730e-06 
 2.65620383e-01  0.00000000e+00  2.65620383e-01  0.00000000e+00  2.65620383e-01  1.80000000e+00  2.65620383e-01  0.00000000e+00  2.65620383e-01  0.00000000e+00  2.65620383e-01  0.00000000e+00  2.65620383e-01  1.80000000e+00  2.65620383e-01  2.80572704e-01  2.65620383e-01  9.97618828e-06  2.65620383e-01  5.07344733e-06 
 2.65619881e-01  1.80000000e+00  2.65619881e-01  0.00000000e+00  2.65619881e-01  1.80000000e+00  2.65619881e-01  0.00000000e+00  2.65619881e-01  0.00000000e+00  2.65619881e-01  0.00000000e+00  2.65619881e-01  1.80000000e+00  2.65619881e-01  2.80575477e-01  2.65619881e-01  9.97618809e-06  2.65619881e-01  5.09294465e-06 
 2.65617467e-01  0.00000000e+00  2.65617467e-01  1.80000000e+00  2.65617467e-01  1.80000000e+00  2.65617467e-01  0.00000000e+00  2.65617467e-01  0.00000000e+00  2.65617467e-01  0.00000000e+00  2.65617467e-01  1.80000000e+00  2.65617467e-01  2.80578436e-01  2.65617467e-01  9.97618802e-06  2.65617467e-01  5.18644806e-06 
 2.65616016e-01  1.80000000e+00  2.65616016e-01  1.80000000e+00  2.65616016e-01  1.80000000e+00  2.65616016e-01  0.00000000e+00  2.65616016e-01  0.00000000e+00  2.65616016e-01  0.00000000e+00  2.65616016e-01  1.80000000e+00  2.65616016e-01  2.80581355e-01  2.65616016e-01  9.97618787e-06  2.65616016e-01  5.24238068e-06 
 2.65612541e-01  0.00000000e+00  2.65612541e-01  0.00000000e+00  2.65612541e-01  0.00000000e+00  2.65612541e-01  1.80000000e+00  2.65612541e-01  0.00000000e+00  2.65612541e-01  0.00000000e+00  2.65612541e-01  1.80000000e+00  2.65612541e-01  2.80584505e-01  2.65612541e-01  9.97618773e-06  2.65612541e-01  5.37538668e-06 
 2.65612344e-01  1.80000000e+00  2.65612344e-01  0.00000000e+00  2.65612344e-01  0.00000000e+00  2.65612344e-01  1.80000000e+00  2.65612344e-01  0.00000000e+00  2.65612344e-01  0.00000000e+00  2.65612344e-01  1.80000000e+00  2.65612344e-01  2.80587389e-01  2.65612344e-01  9.97618764e-06  2.65612344e-01  5.38286615e-06 
 2.65610128e-01  0.00000000e+00  2.65610128e-01  1.80000000e+00  2.65610128e-01  0.00000000e+00  2.65610128e-01  1.80000000e+00  2.65610128e-01  0.00000000e+00  2.65610128e-01  0.00000000e+00  2.65610128e-01  1.80000000e+00  2.65610128e-01  2.80590552e-01  2.65610128e-01  9.97618749e-06  2.65610128e-01  5.46699570e-06 
 2.65608933e-01  1.80000000e+00  2.65608933e-01  1.80000000e+00  2.65608933e-01  0.00000000e+00  2.65608933e-01  1.80000000e+00  2.65608933e-01  0.00000000e+00  2.65608933e-01  0.00000000e+00  2.65608933e-01  1.80000000e+00  2.65608933e-01  2.80593617e-01  2.65608933e-01  9.97618733e-06  2.65608933e-01  5.51215701e-06 
 2.65605644e-01  0.00000000e+00  2.65605644e-01  0.00000000e+00  2.65605644e-01  1.80000000e+00  2.65605644e-01  1.80000000e+00  2.65605644e-01  0.00000000e+00  2.65605644e-01  0.00000000e+00  2.65605644e-01  1.80000000e+00  2.65605644e-01  2.80597048e-01  2.65605644e-01  9.97618719e-06  2.65605644e-01  5.63566870e-06 
 2.65604981e-01  1.80000000e+00  2.65604981e-01  0.00000000e+00  2.65604981e-01  1.80000000e+00  2.65604981e-01  1.80000000e+00  2.65604981e-01  0.00000000e+00  2.65604981e-01  0.00000000e+00  2.65604981e-01  1.80000000e+00  2.65604981e-01  2.80600122e-01  2.65604981e-01  9.97618702e-06  2.65604981e-01  5.66043282e-06 
 2.65602181e-01  0.00000000e+00  2.65602181e-01  1.80000000e+00  2.65602181e-01  1.80000000e+00  2.65602181e-01  1.80000000e+00  2.65602181e-01  0.00000000e+00  2.65602181e-01  0.00000000e+00  2.65602181e-01  1.80000000e+00  2.65602181e-01  2.80603603e-01  2.65602181e-01  9.97618688e-06  2.65602181e-01  5.76453170e-06 
 2.65600449e-01  1.80000000e+00  2.65600449e-01  1.80000000e+00  2.65600449e-01  1.80000000e+00  2.65600449e-01  1.80000000e+00  2.65600449e-01  0.00000000e+00  2.65600449e-01  0.00000000e+00  2.65600449e-01  1.80000000e+00  2.65600449e-01  2.80606941e-01  2.65600449e-01  9.97618671e-06  2.65600449e-01  5.82853922e-06 
 2.65596438e-01  0.00000000e+00  2.65596438e-01  0.00000000e+00  2.65596438e-01  0.00000000e+00  2.65596438e-01  0.00000000e+00  2.65596438e-01  1.80000000e+00  2.65596438e-01  0.00000000e+00  2.65596438e-01  1.80000000e+00  2.65596438e-01  2.80610861e-01  2.65596438e-01  9.97618656e-06  2.65596438e-01  5.97553289e-06 
 2.65596525e-01  1.80000000e+00  2.65596525e-01  0.00000000e+00  2.65596525e-01  0.00000000e+00  2.65596525e-01  0.00000000e+00  2.65596525e-01  1.80000000e+00  2.65596525e-01  0.00000000e+00  2.65596525e-01  1.80000000e+00  2.65596525e-01  2.80613950e-01  2.65596525e-01  9.97618638e-06  2.65596525e-01  5.97235308e-06 
 2.65594349e-01  0.00000000e+00  2.65594349e-01  1.80000000e+00  2.65594349e-01  0.00000000e+00  2.65594349e-01  0.00000000e+00  2.65594349e-01  1.80000000e+00  2.65594349e-01  0.00000000e+00  2.65594349e-01  1.80000000e+00  2.65594349e-01  2.80617543e-01  2.65594349e-01  9.97618631e-06  2.65594349e-01  6.05142488e-06 
 2.65593317e-01  1.80000000e+00  2.65593317e-01  1.80000000e+00  2.65593317e-01  0.00000000e+00  2.65593317e-01  0.00000000e+00  2.65593317e-01  1.80000000e+00  2.65593317e-01  0.00000000e+00  2.65593317e-01  1.80000000e+00  2.65593317e-01  2.80620917e-01  2.65593317e-01  9.97618610e-06  2.65593317e-01  6.08874664e-06 
 2.65589956e-01  0.00000000e+00  2.65589956e-01  0.00000000e+00  2.65589956e-01  1.80000000e+00  2.65589956e-01  0.00000000e+00  2.65589956e-01  1.80000000e+00  2.65589956e-01  0.00000000e+00  2.65589956e-01  1.80000000e+00  2.65589956e-01  2.80624893e-01  2.65589956e-01  9.97618595e-06  2.65589956e-01  6.20958950e-06 
 2.65589521e-01  1.80000000e+00  2.65589521e-01  0.00000000e+00  2.65589521e-01  1.80000000e+00  2.65589521e-01  0.00000000e+00  2.65589521e-01  1.80000000e+00  2.65589521e-01  0.00000000e+00  2.65589521e-01  1.80000000e+00  2.65589521e-01  2.80628206e-01  2.65589521e-01  9.97618576e-06  2.65589521e-01  6.22513778e-06 
 2.65586715e-01  0.00000000e+00  2.65586715e-01  1.80000000e+00  2.65586715e-01  1.80000000e+00  2.65586715e-01  0.00000000e+00  2.65586715e-01  1.80000000e+00  2.65586715e-01  0.00000000e+00  2.65586715e-01  1.80000000e+00  2.65586715e-01  2.80632167e-01  2.65586715e-01  9.97618559e-06  2.65586715e-01  6.32500682e-06 
 2.65585097e-01  1.80000000e+00  2.65585097e-01  1.80000000e+00  2.65585097e-01  1.80000000e+00  2.65585097e-01  0.00000000e+00  2.65585097e-01  1.80000000e+00  2.65585097e-01  0.00000000e+00  2.65585097e-01  1.80000000e+00  2.65585097e-01  2.80635858e-01  2.65585097e-01  9.97618544e-06  2.65585097e-01  6.38220721e-06 
 2.65580970e-01  0.00000000e+00  2.65580970e-01  0.00000000e+00  2.65580970e-01  0.00000000e+00  2.65580970e-01  1.80000000e+00  2.65580970e-01  1.80000000e+00  2.65580970e-01  0.00000000e+00  2.65580970e-01  1.80000000e+00  2.65580970e-01  2.80640277e-01  2.65580970e-01  9.97618523e-06  2.65580970e-01  6.52693280e-06 
 2.65580903e-01  1.80000000e+00  2.65580903e-01  0.00000000e+00  2.65580903e-01  0.00000000e+00  2.65580903e-01  1.80000000e+00  2.65580903e-01  1.80000000e+00  2.65580903e-01  0.00000000e+00  2.65580903e-01  1.80000000e+00  2.65580903e-01  2.80643634e-01  2.65580903e-01  9.97618521e-06  2.65580903e-01  6.52928851e-06 
 2.65578325e-01  0.00000000e+00  2.65578325e-01  1.80000000e+00  2.65578325e-01  0.00000000e+00  2.65578325e-01  1.80000000e+00  2.65578325e-01  1.80000000e+00  2.65578325e-01  0.00000000e+00  2.65578325e-01  1.80000000e+00  2.65578325e-01  2.80647765e-01  2.65578325e-01  9.97618496e-06  2.65578325e-01  6.61880276e-06 
 2.65577011e-01  1.80000000e+00  2.65577011e-01  1.80000000e+00  2.65577011e-01  0.00000000e+00  2.65577011e-01  1.80000000e+00  2.65577011e-01  1.80000000e+00  2.65577011e-01  0.00000000e+00  2.65577011e-01  1.80000000e+00  2.65577011e-01  2.80651550e-01  2.65577011e-01  9.97618476e-06  2.65577011e-01  6.66414391e-06 
 2.65573090e-01  0.00000000e+00  2.65573090e-01  0.00000000e+00  2.65573090e-01  1.80000000e+00  2.65573090e-01  1.80000000e+00  2.65573090e-01  1.80000000e+00  2.65573090e-01  0.00000000e+00  2.65573090e-01  1.80000000e+00  2.65573090e-01  2.80656226e-01  2.65573090e-01  9.97618458e-06  2.65573090e-01  6.79845247e-06 
 2.65572432e-01  1.80000000e+00  2.65572432e-01  0.00000000e+00  2.65572432e-01  1.80000000e+00  2.65572432e-01  1.80000000e+00  2.65572432e-01  1.80000000e+00  2.65572432e-01  0.00000000e+00  2.65572432e-01  1.80000000e+00  2.65572432e-01  2.80659895e-01  2.65572432e-01  9.97618436e-06  2.65572432e-01  6.82084263e-06 
 2.65569107e-01  0.00000000e+00  2.65569107e-01  1.80000000e+00  2.65569107e-01  1.80000000e+00  2.65569107e-01  1.80000000e+00  2.65569107e-01  1.80000000e+00  2.65569107e-01  0.00000000e+00  2.65569107e-01  1.80000000e+00  2.65569107e-01  2.80664508e-01  2.65569107e-01  9.97618413e-06  2.65569107e-01  6.93327228e-06 
 2.65567108e-01  1.80000000e+00  2.65567108e-01  1.80000000e+00  2.65567108e-01  1.80000000e+00  2.65567108e-01  1.80000000e+00  2.65567108e-01  1.80000000e+00  2.65567108e-01  0.00000000e+00  2.65567108e-01  1.80000000e+00  2.65567108e-01  2.80668716e-01  2.65567108e-01  9.97618396e-06  2.65567108e-01  7.00031180e-06 
 2.65562385e-01  0.00000000e+00  2.65562385e-01  0.00000000e+00  2.65562385e-01  0.00000000e+00  2.65562385e-01  0.00000000e+00  2.65562385e-01  0.00000000e+00  2.65562385e-01  1.80000000e+00  2.65562385e-01  1.80000000e+00  2.65562385e-01  2.80674137e-01  2.65562385e-01  9.97618371e-06  2.65562385e-01  7.15710622e-06 
 2.65562916e-01  1.80000000e+00  2.65562916e-01  0.00000000e+00  2.65562916e-01  0.00000000e+00  2.65562916e-01  0.00000000e+00  2.65562916e-01  0.00000000e+00  2.65562916e-01  1.80000000e+00  2.65562916e-01  1.80000000e+00  2.65562916e-01  2.80677549e-01  2.65562916e-01  9.97618353e-06  2.65562916e-01  7.13958518e-06 
 2.65560621e-01  0.00000000e+00  2.65560621e-01  1.80000000e+00  2.65560621e-01  0.00000000e+00  2.65560621e-01  0.00000000e+00  2.65560621e-01  0.00000000e+00  2.65560621e-01  1.80000000e+00  2.65560621e-01  1.80000000e+00  2.65560621e-01  2.80682029e-01  2.65560621e-01  9.97618335e-06  2.65560621e-01  7.21508868e-06 
 2.65559753e-01  1.80000000e+00  2.65559753e-01  1.80000000e+00  2.65559753e-01  0.00000000e+00  2.65559753e-01  0.00000000e+00  2.65559753e-01  0.00000000e+00  2.65559753e-01  1.80000000e+00  2.65559753e-01  1.80000000e+00  2.65559753e-01  2.80685999e-01  2.65559753e-01  9.97618324e-06  2.65559753e-01  7.24353260e-06 
 2.65555990e-01  0.00000000e+00  2.65555990e-01  0.00000000e+00  2.65555990e-01  1.80000000e+00  2.65555990e-01  0.00000000e+00  2.65555990e-01  0.00000000e+00  2.65555990e-01  1.80000000e+00  2.65555990e-01  1.80000000e+00  2.65555990e-01  2.80691159e-01  2.65555990e-01  9.97618296e-06  2.65555990e-01  7.36582361e-06 
 2.65555863e-01  1.80000000e+00  2.65555863e-01  0.00000000e+00  2.65555863e-01  1.80000000e+00  2.65555863e-01  0.00000000e+00  2.65555863e-01  0.00000000e+00  2.65555863e-01  1.80000000e+00  2.65555863e-01  1.80000000e+00  2.65555863e-01  2.80694908e-01  2.65555863e-01  9.97618279e-06  2.65555863e-01  7.36991598e-06 
 2.65552797e-01  0.00000000e+00  2.65552797e-01  1.80000000e+00  2.65552797e-01  1.80000000e+00  2.65552797e-01  0.00000000e+00  2.65552797e-01  0.00000000e+00  2.65552797e-01  1.80000000e+00  2.65552797e-01  1.80000000e+00  2.65552797e-01  2.80699907e-01  2.65552797e-01  9.97618256e-06  2.65552797e-01  7.46848250e-06 
 2.65551205e-01  1.80000000e+00  2.65551205e-01  1.80000000e+00  2.65551205e-01  1.80000000e+00  2.65551205e-01  0.00000000e+00  2.65551205e-01  0.00000000e+00  2.65551205e-01  1.80000000e+00  2.65551205e-01  1.80000000e+00  2.65551205e-01  2.80704330e-01  2.65551205e-01  9.97618235e-06  2.65551205e-01  7.51926441e-06 
 2.65546517e-01  0.00000000e+00  2.65546517e-01  0.00000000e+00  2.65546517e-01  0.00000000e+00  2.65546517e-01  1.80000000e+00  2.65546517e-01  0.00000000e+00  2.65546517e-01  1.80000000e+00  2.65546517e-01  1.80000000e+00  2.65546517e-01  2.80710127e-01  2.65546517e-01  9.97618210e-06  2.65546517e-01  7.66736695e-06 
 2.65546846e-01  1.80000000e+00  2.65546846e-01  0.00000000e+00  2.65546846e-01  0.00000000e+00  2.65546846e-01  1.80000000e+00  2.65546846e-01  0.00000000e+00  2.65546846e-01  1.80000000e+00  2.65546846e-01  1.80000000e+00  2.65546846e-01  2.80713811e-01  2.65546846e-01  9.97618197e-06  2.65546846e-01  7.65706875e-06 
 2.65544074e-01  0.00000000e+00  2.65544074e-01  1.80000000e+00  2.65544074e-01  0.00000000e+00  2.65544074e-01  1.80000000e+00  2.65544074e-01  0.00000000e+00  2.65544074e-01  1.80000000e+00  2.65544074e-01  1.80000000e+00  2.65544074e-01  2.80718911e-01  2.65544074e-01  9.97618173e-06  2.65544074e-01  7.74367746e-06 
 2.65542863e-01  1.80000000e+00  2.65542863e-01  1.80000000e+00  2.65542863e-01  0.00000000e+00  2.65542863e-01  1.80000000e+00  2.65542863e-01  0.00000000e+00  2.65542863e-01  1.80000000e+00  2.65542863e-01  1.80000000e+00  2.65542863e-01  2.80723337e-01  2.65542863e-01  9.97618151e-06  2.65542863e-01  7.78125904e-06 
 2.65538446e-01  0.00000000e+00  2.65538446e-01  0.00000000e+00  2.65538446e-01  1.80000000e+00  2.65538446e-01  1.80000000e+00  2.65538446e-01  0.00000000e+00  2.65538446e-01  1.80000000e+00  2.65538446e-01  1.80000000e+00  2.65538446e-01  2.80729326e-01  2.65538446e-01  9.97618128e-06  2.65538446e-01  7.91715183e-06 
 2.65538045e-01  1.80000000e+00  2.65538045e-01  0.00000000e+00  2.65538045e-01  1.80000000e+00  2.65538045e-01  1.80000000e+00  2.65538045e-01  0.00000000e+00  2.65538045e-01  1.80000000e+00  2.65538045e-01  1.80000000e+00  2.65538045e-01  2.80733459e-01  2.65538045e-01  9.97618108e-06  2.65538045e-01  7.92937757e-06 
 2.65534370e-01  0.00000000e+00  2.65534370e-01  1.80000000e+00  2.65534370e-01  1.80000000e+00  2.65534370e-01  1.80000000e+00  2.65534370e-01  0.00000000e+00  2.65534370e-01  1.80000000e+00  2.65534370e-01  1.80000000e+00  2.65534370e-01  2.80739225e-01  2.65534370e-01  9.97618081e-06  2.65534370e-01  8.04082261e-06 
 2.65532326e-01  1.80000000e+00  2.65532326e-01  1.80000000e+00  2.65532326e-01  1.80000000e+00  2.65532326e-01  1.80000000e+00  2.65532326e-01  0.00000000e+00  2.65532326e-01  1.80000000e+00  2.65532326e-01  1.80000000e+00  2.65532326e-01  2.80744240e-01  2.65532326e-01  9.97618062e-06  2.65532326e-01  8.10220369e-06 
 2.65526790e-01  0.00000000e+00  2.65526790e-01  0.00000000e+00  2.65526790e-01  0.00000000e+00  2.65526790e-01  0.00000000e+00  2.65526790e-01  1.80000000e+00  2.65526790e-01  1.80000000e+00  2.65526790e-01  1.80000000e+00  2.65526790e-01  2.80751163e-01  2.65526790e-01  9.97618026e-06  2.65526790e-01  8.26638863e-06 
 2.65527534e-01  1.80000000e+00  2.65527534e-01  0.00000000e+00  2.65527534e-01  0.00000000e+00  2.65527534e-01  0.00000000e+00  2.65527534e-01  1.80000000e+00  2.65527534e-01  1.80000000e+00  2.65527534e-01  1.80000000e+00  2.65527534e-01  2.80754883e-01  2.65527534e-01  9.97618015e-06  2.65527534e-01  8.24450187e-06 
 2.65524800e-01  0.00000000e+00  2.65524800e-01  1.80000000e+00  2.65524800e-01  0.00000000e+00  2.65524800e-01  0.00000000e+00  2.65524800e-01  1.80000000e+00  2.65524800e-01  1.80000000e+00  2.65524800e-01  1.80000000e+00  2.65524800e-01  2.80760416e-01  2.65524800e-01  9.97617984e-06  2.65524800e-01  8.32466351e-06 
 2.65523818e-01  1.80000000e+00  2.65523818e-01  1.80000000e+00  2.65523818e-01  0.00000000e+00  2.65523818e-01  0.00000000e+00  2.65523818e-01  1.80000000e+00  2.65523818e-01  1.80000000e+00  2.65523818e-01  1.80000000e+00  2.65523818e-01  2.80765067e-01  2.65523818e-01  9.97617970e-06  2.65523818e-01  8.35327232e-06 
 2.65519261e-01  0.00000000e+00  2.65519261e-01  0.00000000e+00  2.65519261e-01  1.80000000e+00  2.65519261e-01  0.00000000e+00  2.65519261e-01  1.80000000e+00  2.65519261e-01  1.80000000e+00  2.65519261e-01  1.80000000e+00  2.65519261e-01  2.80771689e-01  2.65519261e-01  9.97617942e-06  2.65519261e-01  8.48482735e-06 
 2.65519189e-01  1.80000000e+00  2.65519189e-01  0.00000000e+00  2.65519189e-01  1.80000000e+00  2.65519189e-01  0.00000000e+00  2.65519189e-01  1.80000000e+00  2.65519189e-01  1.80000000e+00  2.65519189e-01  1.80000000e+00  2.65519189e-01  2.80775930e-01  2.65519189e-01  9.97617918e-06  2.65519189e-01  8.48686381e-06 
 2.65515475e-01  0.00000000e+00  2.65515475e-01  1.80000000e+00  2.65515475e-01  1.80000000e+00  2.65515475e-01  0.00000000e+00  2.65515475e-01  1.80000000e+00  2.65515475e-01  1.80000000e+00  2.65515475e-01  1.80000000e+00  2.65515475e-01  2.80782220e-01  2.65515475e-01  9.97617889e-06  2.65515475e-01  8.59253342e-06 
 2.65513583e-01  1.80000000e+00  2.65513583e-01  1.80000000e+00  2.65513583e-01  1.80000000e+00  2.65513583e-01  0.00000000e+00  2.65513583e-01  1.80000000e+00  2.65513583e-01  1.80000000e+00  2.65513583e-01  1.80000000e+00  2.65513583e-01  2.80787541e-01  2.65513583e-01  9.97617866e-06  2.65513583e-01  8.64585912e-06 
 2.65507830e-01  0.00000000e+00  2.65507830e-01  0.00000000e+00  2.65507830e-01  0.00000000e+00  2.65507830e-01  1.80000000e+00  2.65507830e-01  1.80000000e+00  2.65507830e-01  1.80000000e+00  2.65507830e-01  1.80000000e+00  2.65507830e-01  2.80795095e-01  2.65507830e-01  9.97617833e-06  2.65507830e-01  8.80582557e-06 
 2.65508320e-01  1.80000000e+00  2.65508320e-01  0.00000000e+00  2.65508320e-01  0.00000000e+00  2.65508320e-01  1.80000000e+00  2.65508320e-01  1.80000000e+00  2.65508320e-01  1.80000000e+00  2.65508320e-01  1.80000000e+00  2.65508320e-01  2.80799166e-01  2.65508320e-01  9.97617818e-06  2.65508320e-01  8.79232790e-06 
 2.65504935e-01  0.00000000e+00  2.65504935e-01  1.80000000e+00  2.65504935e-01  0.00000000e+00  2.65504935e-01  1.80000000e+00  2.65504935e-01  1.80000000e+00  2.65504935e-01  1.80000000e+00  2.65504935e-01  1.80000000e+00  2.65504935e-01  2.80805515e-01  2.65504935e-01  9.97617787e-06  2.65504935e-01  8.88510198e-06 
 2.65503498e-01  1.80000000e+00  2.65503498e-01  1.80000000e+00  2.65503498e-01  0.00000000e+00  2.65503498e-01  1.80000000e+00  2.65503498e-01  1.80000000e+00  2.65503498e-01  1.80000000e+00  2.65503498e-01  1.80000000e+00  2.65503498e-01  2.80810762e-01  2.65503498e-01  9.97617762e-06  2.65503498e-01  8.92417375e-06 
 2.65498027e-01  0.00000000e+00  2.65498027e-01  0.00000000e+00  2.65498027e-01  1.80000000e+00  2.65498027e-01  1.80000000e+00  2.65498027e-01  1.80000000e+00  2.65498027e-01  1.80000000e+00  2.65498027e-01  1.80000000e+00  2.65498027e-01  2.80818483e-01  2.65498027e-01  9.97617729e-06  2.65498027e-01  9.07105130e-06 
 2.65497598e-01  1.80000000e+00  2.65497598e-01  0.00000000e+00  2.65497598e-01  1.80000000e+00  2.65497598e-01  1.80000000e+00  2.65497598e-01  1.80000000e+00  2.65497598e-01  1.80000000e+00  2.65497598e-01  1.80000000e+00  2.65497598e-01  2.80823225e-01  2.65497598e-01  9.97617712e-06  2.65497598e-01  9.08244016e-06 
 2.65493034e-01  0.00000000e+00  2.65493034e-01  1.80000000e+00  2.65493034e-01  1.80000000e+00  2.65493034e-01  1.80000000e+00  2.65493034e-01  1.80000000e+00  2.65493034e-01  1.80000000e+00  2.65493034e-01  1.80000000e+00  2.65493034e-01  2.80830539e-01  2.65493034e-01  9.97617677e-06  2.65493034e-01  9.20263064e-06 
 2.65490519e-01  1.80000000e+00  2.65490519e-01  1.80000000e+00  2.65490519e-01  1.80000000e+00  2.65490519e-01  1.80000000e+00  2.65490519e-01  1.80000000e+00  2.65490519e-01  1.80000000e+00  2.65490519e-01  1.80000000e+00  2.65490519e-01  2.80836646e-01  2.65490519e-01  9.97617648e-06  2.65490519e-01  9.26798569e-06 
